20.0000	1083.0000
20.0205	1084.0000
20.0409	1047.0000
20.0614	1036.0000
20.0819	1088.0000
20.1023	1065.0000
20.1228	1131.0000
20.1432	1057.0000
20.1637	1085.0000
20.1842	1081.0000
20.2046	1020.0000
20.2251	1164.0000
20.2456	1046.0000
20.2660	1075.0000
20.2865	1129.0000
20.3069	1045.0000
20.3274	1035.0000
20.3479	1066.0000
20.3683	1161.0000
20.3888	1029.0000
20.4093	998.0000
20.4297	1038.0000
20.4502	1110.0000
20.4706	1087.0000
20.4911	1064.0000
20.5116	1056.0000
20.5320	1059.0000
20.5525	1061.0000
20.5730	1089.0000
20.5934	1092.0000
20.6139	1070.0000
20.6343	1061.0000
20.6548	1046.0000
20.6753	1052.0000
20.6957	1030.0000
20.7162	1025.0000
20.7367	1098.0000
20.7571	1052.0000
20.7776	1050.0000
20.7980	1004.0000
20.8185	1024.0000
20.8390	1050.0000
20.8594	1046.0000
20.8799	996.0000
20.9004	1038.0000
20.9208	1028.0000
20.9413	1059.0000
20.9617	1086.0000
20.9822	1010.0000
21.0027	1078.0000
21.0231	1066.0000
21.0436	1104.0000
21.0641	1000.0000
21.0845	1029.0000
21.1050	1008.0000
21.1254	1007.0000
21.1459	1012.0000
21.1664	1058.0000
21.1868	1057.0000
21.2073	1052.0000
21.2278	1039.0000
21.2482	1025.0000
21.2687	1064.0000
21.2891	981.0000
21.3096	1055.0000
21.3301	1060.0000
21.3505	990.0000
21.3710	990.0000
21.3915	1045.0000
21.4119	1004.0000
21.4324	1040.0000
21.4528	1086.0000
21.4733	1106.0000
21.4938	1023.0000
21.5142	1048.0000
21.5347	1052.0000
21.5552	985.0000
21.5756	1048.0000
21.5961	1037.0000
21.6166	995.0000
21.6370	1041.0000
21.6575	1066.0000
21.6779	1038.0000
21.6984	988.0000
21.7189	1019.0000
21.7393	1007.0000
21.7598	1025.0000
21.7803	1035.0000
21.8007	1018.0000
21.8212	1036.0000
21.8416	1000.0000
21.8621	1064.0000
21.8826	1075.0000
21.9030	1053.0000
21.9235	1092.0000
21.9440	1094.0000
21.9644	1052.0000
21.9849	1033.0000
22.0053	1009.0000
22.0258	1031.0000
22.0463	1020.0000
22.0667	1074.0000
22.0872	1033.0000
22.1077	1071.0000
22.1281	1018.0000
22.1486	975.0000
22.1690	973.0000
22.1895	1041.0000
22.2100	1008.0000
22.2304	1005.0000
22.2509	1031.0000
22.2714	1048.0000
22.2918	1143.0000
22.3123	1097.0000
22.3327	1061.0000
22.3532	1064.0000
22.3737	1008.0000
22.3941	1052.0000
22.4146	1095.0000
22.4351	1108.0000
22.4555	1008.0000
22.4760	1048.0000
22.4964	1123.0000
22.5169	1160.0000
22.5374	1111.0000
22.5578	1161.0000
22.5783	1182.0000
22.5988	1255.0000
22.6192	1322.0000
22.6397	1403.0000
22.6601	1621.0000
22.6806	1792.0000
22.7011	2026.0000
22.7215	2367.0000
22.7420	2528.0000
22.7625	2888.0000
22.7829	2888.0000
22.8034	2728.0000
22.8238	2545.0000
22.8443	2200.0000
22.8648	2014.0000
22.8852	1640.0000
22.9057	1522.0000
22.9262	1364.0000
22.9466	1385.0000
22.9671	1192.0000
22.9875	1213.0000
23.0080	1134.0000
23.0285	1143.0000
23.0489	1089.0000
23.0694	985.0000
23.0899	1078.0000
23.1103	1115.0000
23.1308	1080.0000
23.1513	1082.0000
23.1717	1056.0000
23.1922	1050.0000
23.2126	1011.0000
23.2331	1040.0000
23.2536	1071.0000
23.2740	1024.0000
23.2945	1087.0000
23.3150	1088.0000
23.3354	1057.0000
23.3559	1023.0000
23.3763	1018.0000
23.3968	951.0000
23.4173	1060.0000
23.4377	967.0000
23.4582	1009.0000
23.4787	990.0000
23.4991	1038.0000
23.5196	1024.0000
23.5400	1015.0000
23.5605	1051.0000
23.5810	978.0000
23.6014	1014.0000
23.6219	983.0000
23.6424	997.0000
23.6628	949.0000
23.6833	989.0000
23.7037	974.0000
23.7242	1036.0000
23.7447	981.0000
23.7651	997.0000
23.7856	1008.0000
23.8061	1026.0000
23.8265	995.0000
23.8470	1034.0000
23.8674	1021.0000
23.8879	1004.0000
23.9084	966.0000
23.9288	981.0000
23.9493	1005.0000
23.9698	998.0000
23.9902	1039.0000
24.0107	1083.0000
24.0311	978.0000
24.0516	999.0000
24.0721	965.0000
24.0925	970.0000
24.1130	1050.0000
24.1335	1023.0000
24.1539	956.0000
24.1744	1022.0000
24.1948	1075.0000
24.2153	1000.0000
24.2358	991.0000
24.2562	1012.0000
24.2767	1051.0000
24.2972	1005.0000
24.3176	998.0000
24.3381	1010.0000
24.3585	957.0000
24.3790	959.0000
24.3995	969.0000
24.4199	958.0000
24.4404	972.0000
24.4609	991.0000
24.4813	979.0000
24.5018	969.0000
24.5222	957.0000
24.5427	957.0000
24.5632	986.0000
24.5836	1023.0000
24.6041	948.0000
24.6246	980.0000
24.6450	1020.0000
24.6655	995.0000
24.6860	1042.0000
24.7064	984.0000
24.7269	959.0000
24.7473	945.0000
24.7678	951.0000
24.7883	1025.0000
24.8087	938.0000
24.8292	1002.0000
24.8497	1011.0000
24.8701	977.0000
24.8906	949.0000
24.9110	928.0000
24.9315	981.0000
24.9520	953.0000
24.9724	995.0000
24.9929	904.0000
25.0134	1009.0000
25.0338	1002.0000
25.0543	942.0000
25.0747	1016.0000
25.0952	982.0000
25.1157	998.0000
25.1361	1022.0000
25.1566	921.0000
25.1771	963.0000
25.1975	995.0000
25.2180	974.0000
25.2384	1003.0000
25.2589	1027.0000
25.2794	984.0000
25.2998	1001.0000
25.3203	1061.0000
25.3408	991.0000
25.3612	972.0000
25.3817	1066.0000
25.4021	1056.0000
25.4226	1057.0000
25.4431	1038.0000
25.4635	1023.0000
25.4840	1037.0000
25.5045	1043.0000
25.5249	1134.0000
25.5454	1030.0000
25.5658	1071.0000
25.5863	1079.0000
25.6068	1019.0000
25.6272	1012.0000
25.6477	1052.0000
25.6682	958.0000
25.6886	955.0000
25.7091	1028.0000
25.7295	981.0000
25.7500	948.0000
25.7705	992.0000
25.7909	1038.0000
25.8114	999.0000
25.8319	1037.0000
25.8523	940.0000
25.8728	967.0000
25.8932	980.0000
25.9137	1007.0000
25.9342	942.0000
25.9546	1025.0000
25.9751	921.0000
25.9956	927.0000
26.0160	904.0000
26.0365	997.0000
26.0569	967.0000
26.0774	979.0000
26.0979	1002.0000
26.1183	969.0000
26.1388	960.0000
26.1593	996.0000
26.1797	941.0000
26.2002	987.0000
26.2207	922.0000
26.2411	956.0000
26.2616	959.0000
26.2820	954.0000
26.3025	939.0000
26.3230	980.0000
26.3434	960.0000
26.3639	977.0000
26.3844	998.0000
26.4048	918.0000
26.4253	959.0000
26.4457	1005.0000
26.4662	958.0000
26.4867	984.0000
26.5071	964.0000
26.5276	922.0000
26.5481	947.0000
26.5685	961.0000
26.5890	921.0000
26.6094	1020.0000
26.6299	974.0000
26.6504	930.0000
26.6708	933.0000
26.6913	901.0000
26.7118	974.0000
26.7322	952.0000
26.7527	970.0000
26.7731	949.0000
26.7936	992.0000
26.8141	949.0000
26.8345	940.0000
26.8550	979.0000
26.8755	949.0000
26.8959	927.0000
26.9164	942.0000
26.9368	931.0000
26.9573	938.0000
26.9778	927.0000
26.9982	957.0000
27.0187	906.0000
27.0392	964.0000
27.0596	937.0000
27.0801	896.0000
27.1005	932.0000
27.1210	926.0000
27.1415	971.0000
27.1619	890.0000
27.1824	962.0000
27.2029	927.0000
27.2233	943.0000
27.2438	903.0000
27.2642	959.0000
27.2847	902.0000
27.3052	949.0000
27.3256	942.0000
27.3461	982.0000
27.3666	903.0000
27.3870	969.0000
27.4075	934.0000
27.4279	930.0000
27.4484	926.0000
27.4689	958.0000
27.4893	926.0000
27.5098	947.0000
27.5303	863.0000
27.5507	967.0000
27.5712	953.0000
27.5916	903.0000
27.6121	873.0000
27.6326	913.0000
27.6530	894.0000
27.6735	921.0000
27.6940	876.0000
27.7144	985.0000
27.7349	939.0000
27.7554	959.0000
27.7758	972.0000
27.7963	908.0000
27.8167	917.0000
27.8372	909.0000
27.8577	887.0000
27.8781	939.0000
27.8986	913.0000
27.9191	970.0000
27.9395	963.0000
27.9600	918.0000
27.9804	954.0000
28.0009	976.0000
28.0214	900.0000
28.0418	917.0000
28.0623	912.0000
28.0828	886.0000
28.1032	934.0000
28.1237	954.0000
28.1441	904.0000
28.1646	934.0000
28.1851	903.0000
28.2055	856.0000
28.2260	896.0000
28.2465	951.0000
28.2669	944.0000
28.2874	878.0000
28.3078	929.0000
28.3283	938.0000
28.3488	913.0000
28.3692	920.0000
28.3897	891.0000
28.4102	897.0000
28.4306	946.0000
28.4511	908.0000
28.4715	911.0000
28.4920	965.0000
28.5125	912.0000
28.5329	871.0000
28.5534	868.0000
28.5739	921.0000
28.5943	944.0000
28.6148	886.0000
28.6352	896.0000
28.6557	864.0000
28.6762	948.0000
28.6966	883.0000
28.7171	945.0000
28.7376	933.0000
28.7580	909.0000
28.7785	918.0000
28.7989	937.0000
28.8194	934.0000
28.8399	869.0000
28.8603	906.0000
28.8808	923.0000
28.9013	911.0000
28.9217	941.0000
28.9422	930.0000
28.9626	921.0000
28.9831	883.0000
29.0036	922.0000
29.0240	892.0000
29.0445	933.0000
29.0650	970.0000
29.0854	943.0000
29.1059	906.0000
29.1263	954.0000
29.1468	931.0000
29.1673	976.0000
29.1877	873.0000
29.2082	917.0000
29.2287	992.0000
29.2491	940.0000
29.2696	905.0000
29.2901	882.0000
29.3105	912.0000
29.3310	932.0000
29.3514	903.0000
29.3719	981.0000
29.3924	980.0000
29.4128	910.0000
29.4333	895.0000
29.4538	874.0000
29.4742	969.0000
29.4947	912.0000
29.5151	899.0000
29.5356	912.0000
29.5561	861.0000
29.5765	881.0000
29.5970	888.0000
29.6175	914.0000
29.6379	879.0000
29.6584	934.0000
29.6788	905.0000
29.6993	933.0000
29.7198	928.0000
29.7402	913.0000
29.7607	905.0000
29.7812	891.0000
29.8016	888.0000
29.8221	950.0000
29.8425	932.0000
29.8630	925.0000
29.8835	877.0000
29.9039	899.0000
29.9244	881.0000
29.9449	893.0000
29.9653	895.0000
29.9858	904.0000
30.0062	920.0000
30.0267	915.0000
30.0472	897.0000
30.0676	874.0000
30.0881	883.0000
30.1086	937.0000
30.1290	900.0000
30.1495	871.0000
30.1699	915.0000
30.1904	914.0000
30.2109	899.0000
30.2313	951.0000
30.2518	926.0000
30.2723	934.0000
30.2927	874.0000
30.3132	867.0000
30.3336	918.0000
30.3541	875.0000
30.3746	929.0000
30.3950	936.0000
30.4155	958.0000
30.4360	959.0000
30.4564	894.0000
30.4769	919.0000
30.4973	962.0000
30.5178	893.0000
30.5383	955.0000
30.5587	934.0000
30.5792	879.0000
30.5997	863.0000
30.6201	925.0000
30.6406	908.0000
30.6610	888.0000
30.6815	905.0000
30.7020	902.0000
30.7224	945.0000
30.7429	929.0000
30.7634	906.0000
30.7838	859.0000
30.8043	908.0000
30.8248	881.0000
30.8452	894.0000
30.8657	883.0000
30.8861	903.0000
30.9066	898.0000
30.9271	857.0000
30.9475	896.0000
30.9680	936.0000
30.9885	928.0000
31.0089	901.0000
31.0294	954.0000
31.0498	906.0000
31.0703	934.0000
31.0908	940.0000
31.1112	933.0000
31.1317	926.0000
31.1522	937.0000
31.1726	975.0000
31.1931	945.0000
31.2135	1023.0000
31.2340	1043.0000
31.2545	998.0000
31.2749	985.0000
31.2954	999.0000
31.3159	1020.0000
31.3363	1064.0000
31.3568	1006.0000
31.3772	1074.0000
31.3977	1074.0000
31.4182	1094.0000
31.4386	1025.0000
31.4591	1074.0000
31.4796	1079.0000
31.5000	994.0000
31.5205	1055.0000
31.5409	1047.0000
31.5614	1063.0000
31.5819	1018.0000
31.6023	1027.0000
31.6228	1009.0000
31.6433	999.0000
31.6637	1048.0000
31.6842	1002.0000
31.7046	1021.0000
31.7251	1053.0000
31.7456	1036.0000
31.7660	1163.0000
31.7865	1061.0000
31.8070	1077.0000
31.8274	1062.0000
31.8479	1129.0000
31.8683	1112.0000
31.8888	1111.0000
31.9093	1183.0000
31.9297	1235.0000
31.9502	1232.0000
31.9707	1262.0000
31.9911	1347.0000
32.0116	1358.0000
32.0320	1385.0000
32.0525	1446.0000
32.0730	1650.0000
32.0934	1605.0000
32.1139	1783.0000
32.1344	1974.0000
32.1548	2167.0000
32.1753	2467.0000
32.1957	2939.0000
32.2162	3582.0000
32.2367	4323.0000
32.2571	5391.0000
32.2776	6761.0000
32.2981	8229.0000
32.3185	9801.0000
32.3390	11337.0000
32.3595	12506.0000
32.3799	13131.0000
32.4004	13120.0000
32.4208	12809.0000
32.4413	11598.0000
32.4618	10796.0000
32.4822	9269.0000
32.5027	7980.0000
32.5232	6801.0000
32.5436	5572.0000
32.5641	4861.0000
32.5845	4094.0000
32.6050	3536.0000
32.6255	3114.0000
32.6459	2870.0000
32.6664	2638.0000
32.6869	2405.0000
32.7073	2358.0000
32.7278	2132.0000
32.7482	2052.0000
32.7687	1958.0000
32.7892	1842.0000
32.8096	1718.0000
32.8301	1706.0000
32.8506	1587.0000
32.8710	1600.0000
32.8915	1560.0000
32.9119	1446.0000
32.9324	1394.0000
32.9529	1386.0000
32.9733	1305.0000
32.9938	1300.0000
33.0143	1280.0000
33.0347	1218.0000
33.0552	1232.0000
33.0756	1164.0000
33.0961	1167.0000
33.1166	1089.0000
33.1370	1073.0000
33.1575	1073.0000
33.1780	1023.0000
33.1984	1058.0000
33.2189	1091.0000
33.2393	1067.0000
33.2598	1090.0000
33.2803	1035.0000
33.3007	1047.0000
33.3212	1066.0000
33.3417	1015.0000
33.3621	990.0000
33.3826	1077.0000
33.4030	952.0000
33.4235	967.0000
33.4440	1016.0000
33.4644	979.0000
33.4849	1003.0000
33.5054	987.0000
33.5258	948.0000
33.5463	949.0000
33.5667	996.0000
33.5872	974.0000
33.6077	948.0000
33.6281	949.0000
33.6486	950.0000
33.6691	872.0000
33.6895	920.0000
33.7100	903.0000
33.7304	952.0000
33.7509	968.0000
33.7714	894.0000
33.7918	847.0000
33.8123	928.0000
33.8328	921.0000
33.8532	993.0000
33.8737	928.0000
33.8942	877.0000
33.9146	978.0000
33.9351	914.0000
33.9555	910.0000
33.9760	935.0000
33.9965	921.0000
34.0169	935.0000
34.0374	986.0000
34.0579	868.0000
34.0783	949.0000
34.0988	933.0000
34.1192	974.0000
34.1397	831.0000
34.1602	884.0000
34.1806	984.0000
34.2011	886.0000
34.2216	1007.0000
34.2420	963.0000
34.2625	1005.0000
34.2829	982.0000
34.3034	1022.0000
34.3239	1024.0000
34.3443	987.0000
34.3648	1088.0000
34.3853	1023.0000
34.4057	1064.0000
34.4262	1070.0000
34.4466	990.0000
34.4671	1040.0000
34.4876	983.0000
34.5080	984.0000
34.5285	1022.0000
34.5490	1010.0000
34.5694	938.0000
34.5899	918.0000
34.6103	985.0000
34.6308	940.0000
34.6513	881.0000
34.6717	888.0000
34.6922	908.0000
34.7127	849.0000
34.7331	955.0000
34.7536	870.0000
34.7740	897.0000
34.7945	919.0000
34.8150	917.0000
34.8354	885.0000
34.8559	865.0000
34.8764	916.0000
34.8968	932.0000
34.9173	906.0000
34.9377	889.0000
34.9582	861.0000
34.9787	873.0000
34.9991	907.0000
35.0196	878.0000
35.0401	840.0000
35.0605	835.0000
35.0810	901.0000
35.1014	869.0000
35.1219	919.0000
35.1424	880.0000
35.1628	824.0000
35.1833	862.0000
35.2038	876.0000
35.2242	847.0000
35.2447	878.0000
35.2651	907.0000
35.2856	843.0000
35.3061	880.0000
35.3265	892.0000
35.3470	907.0000
35.3675	912.0000
35.3879	952.0000
35.4084	966.0000
35.4289	834.0000
35.4493	834.0000
35.4698	847.0000
35.4902	886.0000
35.5107	885.0000
35.5312	891.0000
35.5516	852.0000
35.5721	883.0000
35.5926	923.0000
35.6130	883.0000
35.6335	879.0000
35.6539	889.0000
35.6744	931.0000
35.6949	930.0000
35.7153	946.0000
35.7358	885.0000
35.7563	835.0000
35.7767	908.0000
35.7972	915.0000
35.8176	896.0000
35.8381	837.0000
35.8586	874.0000
35.8790	898.0000
35.8995	945.0000
35.9200	887.0000
35.9404	918.0000
35.9609	858.0000
35.9813	876.0000
36.0018	878.0000
36.0223	871.0000
36.0427	884.0000
36.0632	815.0000
36.0837	865.0000
36.1041	868.0000
36.1246	912.0000
36.1450	869.0000
36.1655	847.0000
36.1860	917.0000
36.2064	850.0000
36.2269	920.0000
36.2474	918.0000
36.2678	898.0000
36.2883	872.0000
36.3087	837.0000
36.3292	874.0000
36.3497	867.0000
36.3701	870.0000
36.3906	864.0000
36.4111	948.0000
36.4315	848.0000
36.4520	930.0000
36.4724	863.0000
36.4929	850.0000
36.5134	811.0000
36.5338	831.0000
36.5543	835.0000
36.5748	848.0000
36.5952	869.0000
36.6157	845.0000
36.6361	886.0000
36.6566	851.0000
36.6771	845.0000
36.6975	911.0000
36.7180	856.0000
36.7385	884.0000
36.7589	842.0000
36.7794	818.0000
36.7998	842.0000
36.8203	913.0000
36.8408	886.0000
36.8612	848.0000
36.8817	871.0000
36.9022	906.0000
36.9226	850.0000
36.9431	908.0000
36.9636	828.0000
36.9840	820.0000
37.0045	898.0000
37.0249	918.0000
37.0454	812.0000
37.0659	891.0000
37.0863	864.0000
37.1068	867.0000
37.1273	883.0000
37.1477	904.0000
37.1682	882.0000
37.1886	836.0000
37.2091	850.0000
37.2296	911.0000
37.2500	891.0000
37.2705	896.0000
37.2910	881.0000
37.3114	883.0000
37.3319	837.0000
37.3523	900.0000
37.3728	882.0000
37.3933	862.0000
37.4137	957.0000
37.4342	926.0000
37.4547	898.0000
37.4751	887.0000
37.4956	882.0000
37.5160	834.0000
37.5365	878.0000
37.5570	879.0000
37.5774	823.0000
37.5979	868.0000
37.6184	832.0000
37.6388	841.0000
37.6593	816.0000
37.6797	919.0000
37.7002	869.0000
37.7207	793.0000
37.7411	820.0000
37.7616	875.0000
37.7821	847.0000
37.8025	892.0000
37.8230	866.0000
37.8434	872.0000
37.8639	904.0000
37.8844	909.0000
37.9048	901.0000
37.9253	841.0000
37.9458	865.0000
37.9662	952.0000
37.9867	923.0000
38.0071	885.0000
38.0276	927.0000
38.0481	923.0000
38.0685	952.0000
38.0890	899.0000
38.1095	1027.0000
38.1299	984.0000
38.1504	979.0000
38.1708	1003.0000
38.1913	976.0000
38.2118	991.0000
38.2322	939.0000
38.2527	956.0000
38.2732	968.0000
38.2936	887.0000
38.3141	877.0000
38.3345	873.0000
38.3550	883.0000
38.3755	889.0000
38.3959	873.0000
38.4164	823.0000
38.4369	858.0000
38.4573	863.0000
38.4778	846.0000
38.4983	859.0000
38.5187	881.0000
38.5392	887.0000
38.5596	842.0000
38.5801	905.0000
38.6006	858.0000
38.6210	894.0000
38.6415	891.0000
38.6620	811.0000
38.6824	902.0000
38.7029	863.0000
38.7233	908.0000
38.7438	846.0000
38.7643	894.0000
38.7847	954.0000
38.8052	852.0000
38.8257	805.0000
38.8461	845.0000
38.8666	891.0000
38.8870	835.0000
38.9075	804.0000
38.9280	881.0000
38.9484	844.0000
38.9689	802.0000
38.9894	875.0000
39.0098	851.0000
39.0303	836.0000
39.0507	842.0000
39.0712	844.0000
39.0917	851.0000
39.1121	878.0000
39.1326	873.0000
39.1531	859.0000
39.1735	807.0000
39.1940	907.0000
39.2144	804.0000
39.2349	858.0000
39.2554	879.0000
39.2758	852.0000
39.2963	870.0000
39.3168	833.0000
39.3372	883.0000
39.3577	834.0000
39.3781	837.0000
39.3986	879.0000
39.4191	854.0000
39.4395	866.0000
39.4600	927.0000
39.4805	896.0000
39.5009	902.0000
39.5214	921.0000
39.5418	927.0000
39.5623	926.0000
39.5828	918.0000
39.6032	981.0000
39.6237	981.0000
39.6442	970.0000
39.6646	1044.0000
39.6851	1087.0000
39.7055	1104.0000
39.7260	1215.0000
39.7465	1278.0000
39.7669	1477.0000
39.7874	1690.0000
39.8079	1911.0000
39.8283	2112.0000
39.8488	2330.0000
39.8692	2398.0000
39.8897	2519.0000
39.9102	2437.0000
39.9306	2633.0000
39.9511	2430.0000
39.9716	2374.0000
39.9920	2178.0000
40.0125	2148.0000
40.0330	1972.0000
40.0534	1884.0000
40.0739	1684.0000
40.0943	1631.0000
40.1148	1464.0000
40.1353	1324.0000
40.1557	1220.0000
40.1762	1192.0000
40.1967	1164.0000
40.2171	1170.0000
40.2376	1083.0000
40.2580	1071.0000
40.2785	1039.0000
40.2990	1025.0000
40.3194	987.0000
40.3399	1046.0000
40.3604	970.0000
40.3808	966.0000
40.4013	931.0000
40.4217	891.0000
40.4422	936.0000
40.4627	994.0000
40.4831	950.0000
40.5036	893.0000
40.5241	896.0000
40.5445	883.0000
40.5650	932.0000
40.5854	944.0000
40.6059	936.0000
40.6264	896.0000
40.6468	877.0000
40.6673	945.0000
40.6878	884.0000
40.7082	937.0000
40.7287	827.0000
40.7491	876.0000
40.7696	842.0000
40.7901	824.0000
40.8105	886.0000
40.8310	842.0000
40.8515	805.0000
40.8719	872.0000
40.8924	878.0000
40.9128	857.0000
40.9333	873.0000
40.9538	922.0000
40.9742	834.0000
40.9947	826.0000
41.0152	846.0000
41.0356	851.0000
41.0561	810.0000
41.0765	880.0000
41.0970	880.0000
41.1175	881.0000
41.1379	827.0000
41.1584	857.0000
41.1789	852.0000
41.1993	804.0000
41.2198	812.0000
41.2402	851.0000
41.2607	838.0000
41.2812	854.0000
41.3016	876.0000
41.3221	822.0000
41.3426	857.0000
41.3630	802.0000
41.3835	820.0000
41.4039	833.0000
41.4244	855.0000
41.4449	857.0000
41.4653	841.0000
41.4858	881.0000
41.5063	859.0000
41.5267	810.0000
41.5472	877.0000
41.5677	846.0000
41.5881	835.0000
41.6086	908.0000
41.6290	811.0000
41.6495	861.0000
41.6700	854.0000
41.6904	852.0000
41.7109	828.0000
41.7314	877.0000
41.7518	879.0000
41.7723	866.0000
41.7927	897.0000
41.8132	826.0000
41.8337	823.0000
41.8541	864.0000
41.8746	823.0000
41.8951	803.0000
41.9155	844.0000
41.9360	810.0000
41.9564	834.0000
41.9769	851.0000
41.9974	798.0000
42.0178	821.0000
42.0383	828.0000
42.0588	824.0000
42.0792	844.0000
42.0997	817.0000
42.1201	836.0000
42.1406	801.0000
42.1611	779.0000
42.1815	846.0000
42.2020	825.0000
42.2225	834.0000
42.2429	791.0000
42.2634	840.0000
42.2838	802.0000
42.3043	812.0000
42.3248	784.0000
42.3452	853.0000
42.3657	782.0000
42.3862	832.0000
42.4066	878.0000
42.4271	810.0000
42.4475	849.0000
42.4680	864.0000
42.4885	833.0000
42.5089	833.0000
42.5294	809.0000
42.5499	789.0000
42.5703	810.0000
42.5908	860.0000
42.6112	814.0000
42.6317	905.0000
42.6522	856.0000
42.6726	874.0000
42.6931	886.0000
42.7136	822.0000
42.7340	888.0000
42.7545	824.0000
42.7749	863.0000
42.7954	867.0000
42.8159	867.0000
42.8363	851.0000
42.8568	870.0000
42.8773	833.0000
42.8977	789.0000
42.9182	803.0000
42.9386	848.0000
42.9591	801.0000
42.9796	776.0000
43.0000	889.0000
43.0205	894.0000
43.0410	770.0000
43.0614	815.0000
43.0819	865.0000
43.1024	806.0000
43.1228	832.0000
43.1433	812.0000
43.1637	850.0000
43.1842	862.0000
43.2047	835.0000
43.2251	754.0000
43.2456	832.0000
43.2661	836.0000
43.2865	864.0000
43.3070	883.0000
43.3274	781.0000
43.3479	849.0000
43.3684	835.0000
43.3888	851.0000
43.4093	850.0000
43.4298	848.0000
43.4502	805.0000
43.4707	774.0000
43.4911	809.0000
43.5116	844.0000
43.5321	825.0000
43.5525	842.0000
43.5730	827.0000
43.5935	869.0000
43.6139	843.0000
43.6344	762.0000
43.6548	837.0000
43.6753	852.0000
43.6958	786.0000
43.7162	817.0000
43.7367	842.0000
43.7572	853.0000
43.7776	855.0000
43.7981	850.0000
43.8185	836.0000
43.8390	812.0000
43.8595	851.0000
43.8799	847.0000
43.9004	846.0000
43.9209	801.0000
43.9413	831.0000
43.9618	827.0000
43.9822	759.0000
44.0027	887.0000
44.0232	820.0000
44.0436	803.0000
44.0641	828.0000
44.0846	845.0000
44.1050	828.0000
44.1255	816.0000
44.1459	755.0000
44.1664	866.0000
44.1869	803.0000
44.2073	816.0000
44.2278	819.0000
44.2483	768.0000
44.2687	771.0000
44.2892	820.0000
44.3096	802.0000
44.3301	828.0000
44.3506	842.0000
44.3710	790.0000
44.3915	828.0000
44.4120	813.0000
44.4324	793.0000
44.4529	777.0000
44.4733	867.0000
44.4938	813.0000
44.5143	818.0000
44.5347	823.0000
44.5552	828.0000
44.5757	810.0000
44.5961	824.0000
44.6166	835.0000
44.6371	844.0000
44.6575	801.0000
44.6780	848.0000
44.6984	817.0000
44.7189	798.0000
44.7394	828.0000
44.7598	818.0000
44.7803	856.0000
44.8008	831.0000
44.8212	893.0000
44.8417	909.0000
44.8621	795.0000
44.8826	812.0000
44.9031	808.0000
44.9235	828.0000
44.9440	837.0000
44.9645	828.0000
44.9849	803.0000
45.0054	850.0000
45.0258	817.0000
45.0463	859.0000
45.0668	890.0000
45.0872	831.0000
45.1077	809.0000
45.1282	873.0000
45.1486	859.0000
45.1691	815.0000
45.1895	812.0000
45.2100	844.0000
45.2305	859.0000
45.2509	819.0000
45.2714	868.0000
45.2919	854.0000
45.3123	812.0000
45.3328	841.0000
45.3532	882.0000
45.3737	850.0000
45.3942	861.0000
45.4146	867.0000
45.4351	854.0000
45.4556	830.0000
45.4760	891.0000
45.4965	863.0000
45.5169	837.0000
45.5374	807.0000
45.5579	800.0000
45.5783	854.0000
45.5988	830.0000
45.6193	887.0000
45.6397	888.0000
45.6602	818.0000
45.6806	866.0000
45.7011	876.0000
45.7216	858.0000
45.7420	932.0000
45.7625	922.0000
45.7830	862.0000
45.8034	865.0000
45.8239	823.0000
45.8443	898.0000
45.8648	879.0000
45.8853	888.0000
45.9057	941.0000
45.9262	911.0000
45.9467	957.0000
45.9671	974.0000
45.9876	926.0000
46.0080	978.0000
46.0285	963.0000
46.0490	1015.0000
46.0694	1053.0000
46.0899	1105.0000
46.1104	1183.0000
46.1308	1178.0000
46.1513	1165.0000
46.1718	1256.0000
46.1922	1360.0000
46.2127	1504.0000
46.2331	1649.0000
46.2536	1837.0000
46.2741	2167.0000
46.2945	2563.0000
46.3150	2951.0000
46.3355	3353.0000
46.3559	3679.0000
46.3764	3878.0000
46.3968	3930.0000
46.4173	4013.0000
46.4378	3730.0000
46.4582	3672.0000
46.4787	3537.0000
46.4992	3325.0000
46.5196	3069.0000
46.5401	2830.0000
46.5605	2455.0000
46.5810	2412.0000
46.6015	2073.0000
46.6219	1836.0000
46.6424	1665.0000
46.6629	1589.0000
46.6833	1513.0000
46.7038	1358.0000
46.7242	1361.0000
46.7447	1283.0000
46.7652	1234.0000
46.7856	1176.0000
46.8061	1182.0000
46.8266	1146.0000
46.8470	1183.0000
46.8675	1116.0000
46.8879	1069.0000
46.9084	1035.0000
46.9289	1075.0000
46.9493	1034.0000
46.9698	1046.0000
46.9903	1034.0000
47.0107	1009.0000
47.0312	955.0000
47.0516	982.0000
47.0721	989.0000
47.0926	977.0000
47.1130	996.0000
47.1335	926.0000
47.1540	943.0000
47.1744	905.0000
47.1949	977.0000
47.2153	940.0000
47.2358	904.0000
47.2563	930.0000
47.2767	980.0000
47.2972	915.0000
47.3177	901.0000
47.3381	859.0000
47.3586	860.0000
47.3790	923.0000
47.3995	880.0000
47.4200	889.0000
47.4404	860.0000
47.4609	908.0000
47.4814	847.0000
47.5018	882.0000
47.5223	827.0000
47.5427	864.0000
47.5632	872.0000
47.5837	856.0000
47.6041	864.0000
47.6246	862.0000
47.6451	846.0000
47.6655	847.0000
47.6860	817.0000
47.7065	870.0000
47.7269	918.0000
47.7474	913.0000
47.7678	955.0000
47.7883	929.0000
47.8088	954.0000
47.8292	871.0000
47.8497	996.0000
47.8702	974.0000
47.8906	972.0000
47.9111	998.0000
47.9315	958.0000
47.9520	946.0000
47.9725	865.0000
47.9929	950.0000
48.0134	920.0000
48.0339	888.0000
48.0543	860.0000
48.0748	857.0000
48.0952	881.0000
48.1157	858.0000
48.1362	857.0000
48.1566	874.0000
48.1771	799.0000
48.1976	771.0000
48.2180	842.0000
48.2385	823.0000
48.2589	826.0000
48.2794	864.0000
48.2999	769.0000
48.3203	862.0000
48.3408	862.0000
48.3613	807.0000
48.3817	806.0000
48.4022	854.0000
48.4226	889.0000
48.4431	834.0000
48.4636	787.0000
48.4840	870.0000
48.5045	832.0000
48.5250	836.0000
48.5454	831.0000
48.5659	840.0000
48.5863	784.0000
48.6068	825.0000
48.6273	808.0000
48.6477	799.0000
48.6682	788.0000
48.6887	803.0000
48.7091	843.0000
48.7296	806.0000
48.7500	826.0000
48.7705	858.0000
48.7910	839.0000
48.8114	807.0000
48.8319	831.0000
48.8524	822.0000
48.8728	838.0000
48.8933	827.0000
48.9137	823.0000
48.9342	813.0000
48.9547	827.0000
48.9751	806.0000
48.9956	835.0000
49.0161	825.0000
49.0365	810.0000
49.0570	865.0000
49.0774	781.0000
49.0979	824.0000
49.1184	844.0000
49.1388	814.0000
49.1593	826.0000
49.1798	846.0000
49.2002	799.0000
49.2207	801.0000
49.2412	805.0000
49.2616	810.0000
49.2821	822.0000
49.3025	797.0000
49.3230	771.0000
49.3435	808.0000
49.3639	768.0000
49.3844	858.0000
49.4049	850.0000
49.4253	792.0000
49.4458	821.0000
49.4662	818.0000
49.4867	859.0000
49.5072	824.0000
49.5276	866.0000
49.5481	795.0000
49.5686	797.0000
49.5890	825.0000
49.6095	820.0000
49.6299	864.0000
49.6504	823.0000
49.6709	825.0000
49.6913	826.0000
49.7118	803.0000
49.7323	809.0000
49.7527	798.0000
49.7732	847.0000
49.7936	858.0000
49.8141	839.0000
49.8346	819.0000
49.8550	808.0000
49.8755	785.0000
49.8960	718.0000
49.9164	840.0000
49.9369	812.0000
49.9573	830.0000
49.9778	814.0000
49.9983	793.0000
50.0187	809.0000
50.0392	791.0000
50.0597	826.0000
50.0801	845.0000
50.1006	831.0000
50.1210	848.0000
50.1415	802.0000
50.1620	807.0000
50.1824	800.0000
50.2029	809.0000
50.2234	836.0000
50.2438	817.0000
50.2643	768.0000
50.2847	856.0000
50.3052	826.0000
50.3257	833.0000
50.3461	807.0000
50.3666	837.0000
50.3871	814.0000
50.4075	848.0000
50.4280	797.0000
50.4484	833.0000
50.4689	848.0000
50.4894	873.0000
50.5098	828.0000
50.5303	799.0000
50.5508	822.0000
50.5712	838.0000
50.5917	800.0000
50.6121	817.0000
50.6326	825.0000
50.6531	849.0000
50.6735	817.0000
50.6940	858.0000
50.7145	876.0000
50.7349	818.0000
50.7554	837.0000
50.7759	857.0000
50.7963	885.0000
50.8168	846.0000
50.8372	862.0000
50.8577	860.0000
50.8782	906.0000
50.8986	834.0000
50.9191	888.0000
50.9396	787.0000
50.9600	869.0000
50.9805	845.0000
51.0009	808.0000
51.0214	845.0000
51.0419	756.0000
51.0623	908.0000
51.0828	869.0000
51.1033	819.0000
51.1237	827.0000
51.1442	808.0000
51.1646	847.0000
51.1851	847.0000
51.2056	796.0000
51.2260	802.0000
51.2465	786.0000
51.2670	760.0000
51.2874	838.0000
51.3079	819.0000
51.3283	852.0000
51.3488	794.0000
51.3693	804.0000
51.3897	821.0000
51.4102	813.0000
51.4307	778.0000
51.4511	788.0000
51.4716	856.0000
51.4920	784.0000
51.5125	814.0000
51.5330	819.0000
51.5534	830.0000
51.5739	831.0000
51.5944	813.0000
51.6148	835.0000
51.6353	833.0000
51.6557	799.0000
51.6762	814.0000
51.6967	824.0000
51.7171	798.0000
51.7376	827.0000
51.7581	802.0000
51.7785	825.0000
51.7990	809.0000
51.8194	855.0000
51.8399	865.0000
51.8604	788.0000
51.8808	829.0000
51.9013	844.0000
51.9218	824.0000
51.9422	804.0000
51.9627	864.0000
51.9831	836.0000
52.0036	902.0000
52.0241	945.0000
52.0445	989.0000
52.0650	1014.0000
52.0855	1040.0000
52.1059	1079.0000
52.1264	1060.0000
52.1468	1137.0000
52.1673	1223.0000
52.1878	1178.0000
52.2082	1223.0000
52.2287	1328.0000
52.2492	1289.0000
52.2696	1261.0000
52.2901	1313.0000
52.3106	1200.0000
52.3310	1215.0000
52.3515	1198.0000
52.3719	1177.0000
52.3924	1154.0000
52.4129	1136.0000
52.4333	1100.0000
52.4538	969.0000
52.4743	969.0000
52.4947	940.0000
52.5152	932.0000
52.5356	947.0000
52.5561	897.0000
52.5766	890.0000
52.5970	902.0000
52.6175	889.0000
52.6380	887.0000
52.6584	834.0000
52.6789	843.0000
52.6993	834.0000
52.7198	869.0000
52.7403	854.0000
52.7607	862.0000
52.7812	852.0000
52.8017	859.0000
52.8221	835.0000
52.8426	804.0000
52.8630	868.0000
52.8835	857.0000
52.9040	853.0000
52.9244	811.0000
52.9449	833.0000
52.9654	836.0000
52.9858	847.0000
53.0063	850.0000
53.0267	794.0000
53.0472	831.0000
53.0677	817.0000
53.0881	873.0000
53.1086	759.0000
53.1291	798.0000
53.1495	821.0000
53.1700	776.0000
53.1904	800.0000
53.2109	834.0000
53.2314	796.0000
53.2518	779.0000
53.2723	891.0000
53.2928	837.0000
53.3132	828.0000
53.3337	776.0000
53.3541	845.0000
53.3746	834.0000
53.3951	849.0000
53.4155	870.0000
53.4360	820.0000
53.4565	909.0000
53.4769	891.0000
53.4974	829.0000
53.5178	871.0000
53.5383	869.0000
53.5588	906.0000
53.5792	922.0000
53.5997	912.0000
53.6202	951.0000
53.6406	938.0000
53.6611	895.0000
53.6815	992.0000
53.7020	912.0000
53.7225	907.0000
53.7429	911.0000
53.7634	910.0000
53.7839	939.0000
53.8043	961.0000
53.8248	866.0000
53.8453	932.0000
53.8657	901.0000
53.8862	942.0000
53.9066	826.0000
53.9271	863.0000
53.9476	879.0000
53.9680	805.0000
53.9885	839.0000
54.0090	827.0000
54.0294	821.0000
54.0499	850.0000
54.0703	852.0000
54.0908	789.0000
54.1113	845.0000
54.1317	814.0000
54.1522	818.0000
54.1727	839.0000
54.1931	783.0000
54.2136	814.0000
54.2340	905.0000
54.2545	871.0000
54.2750	790.0000
54.2954	862.0000
54.3159	856.0000
54.3364	771.0000
54.3568	819.0000
54.3773	819.0000
54.3977	807.0000
54.4182	791.0000
54.4387	776.0000
54.4591	788.0000
54.4796	845.0000
54.5001	805.0000
54.5205	824.0000
54.5410	801.0000
54.5614	778.0000
54.5819	809.0000
54.6024	793.0000
54.6228	795.0000
54.6433	809.0000
54.6638	804.0000
54.6842	823.0000
54.7047	818.0000
54.7251	810.0000
54.7456	790.0000
54.7661	837.0000
54.7865	857.0000
54.8070	851.0000
54.8275	800.0000
54.8479	813.0000
54.8684	787.0000
54.8888	853.0000
54.9093	795.0000
54.9298	892.0000
54.9502	790.0000
54.9707	792.0000
54.9912	819.0000
55.0116	791.0000
55.0321	809.0000
55.0525	841.0000
55.0730	791.0000
55.0935	769.0000
55.1139	794.0000
55.1344	817.0000
55.1549	794.0000
55.1753	825.0000
55.1958	813.0000
55.2162	829.0000
55.2367	786.0000
55.2572	865.0000
55.2776	867.0000
55.2981	844.0000
55.3186	823.0000
55.3390	754.0000
55.3595	845.0000
55.3800	869.0000
55.4004	784.0000
55.4209	827.0000
55.4413	854.0000
55.4618	829.0000
55.4823	832.0000
55.5027	891.0000
55.5232	828.0000
55.5437	828.0000
55.5641	842.0000
55.5846	842.0000
55.6050	881.0000
55.6255	818.0000
55.6460	793.0000
55.6664	770.0000
55.6869	784.0000
55.7074	813.0000
55.7278	852.0000
55.7483	843.0000
55.7687	795.0000
55.7892	887.0000
55.8097	818.0000
55.8301	853.0000
55.8506	832.0000
55.8711	870.0000
55.8915	828.0000
55.9120	844.0000
55.9324	878.0000
55.9529	812.0000
55.9734	809.0000
55.9938	832.0000
56.0143	844.0000
56.0348	861.0000
56.0552	766.0000
56.0757	853.0000
56.0961	825.0000
56.1166	809.0000
56.1371	828.0000
56.1575	858.0000
56.1780	766.0000
56.1985	826.0000
56.2189	876.0000
56.2394	829.0000
56.2598	829.0000
56.2803	816.0000
56.3008	812.0000
56.3212	811.0000
56.3417	750.0000
56.3622	795.0000
56.3826	833.0000
56.4031	858.0000
56.4235	826.0000
56.4440	856.0000
56.4645	794.0000
56.4849	867.0000
56.5054	879.0000
56.5259	840.0000
56.5463	830.0000
56.5668	870.0000
56.5872	896.0000
56.6077	840.0000
56.6282	821.0000
56.6486	901.0000
56.6691	816.0000
56.6896	821.0000
56.7100	854.0000
56.7305	894.0000
56.7509	854.0000
56.7714	840.0000
56.7919	818.0000
56.8123	845.0000
56.8328	877.0000
56.8533	889.0000
56.8737	835.0000
56.8942	845.0000
56.9147	861.0000
56.9351	914.0000
56.9556	906.0000
56.9760	925.0000
56.9965	852.0000
57.0170	905.0000
57.0374	884.0000
57.0579	892.0000
57.0784	862.0000
57.0988	922.0000
57.1193	942.0000
57.1397	962.0000
57.1602	941.0000
57.1807	983.0000
57.2011	992.0000
57.2216	988.0000
57.2421	1013.0000
57.2625	1059.0000
57.2830	1088.0000
57.3034	1109.0000
57.3239	1141.0000
57.3444	1207.0000
57.3648	1284.0000
57.3853	1310.0000
57.4058	1519.0000
57.4262	1614.0000
57.4467	1766.0000
57.4671	1971.0000
57.4876	2276.0000
57.5081	2562.0000
57.5285	2766.0000
57.5490	3054.0000
57.5695	3405.0000
57.5899	3483.0000
57.6104	3675.0000
57.6308	3742.0000
57.6513	3837.0000
57.6718	3840.0000
57.6922	3885.0000
57.7127	3734.0000
57.7332	3544.0000
57.7536	3543.0000
57.7741	3309.0000
57.7945	3172.0000
57.8150	2954.0000
57.8355	2720.0000
57.8559	2555.0000
57.8764	2470.0000
57.8969	2240.0000
57.9173	2201.0000
57.9378	1984.0000
57.9582	1827.0000
57.9787	1717.0000
57.9992	1556.0000
58.0196	1471.0000
58.0401	1359.0000
58.0606	1369.0000
58.0810	1266.0000
58.1015	1288.0000
58.1219	1244.0000
58.1424	1175.0000
58.1629	1180.0000
58.1833	1078.0000
58.2038	1084.0000
58.2243	1131.0000
58.2447	1037.0000
58.2652	1072.0000
58.2856	1031.0000
58.3061	1065.0000
58.3266	1095.0000
58.3470	1037.0000
58.3675	1031.0000
58.3880	1019.0000
58.4084	1061.0000
58.4289	1024.0000
58.4494	948.0000
58.4698	982.0000
58.4903	983.0000
58.5107	953.0000
58.5312	955.0000
58.5517	943.0000
58.5721	971.0000
58.5926	984.0000
58.6131	914.0000
58.6335	922.0000
58.6540	894.0000
58.6744	868.0000
58.6949	876.0000
58.7154	876.0000
58.7358	896.0000
58.7563	890.0000
58.7768	873.0000
58.7972	881.0000
58.8177	884.0000
58.8381	859.0000
58.8586	864.0000
58.8791	871.0000
58.8995	844.0000
58.9200	894.0000
58.9405	888.0000
58.9609	864.0000
58.9814	817.0000
59.0018	829.0000
59.0223	787.0000
59.0428	843.0000
59.0632	860.0000
59.0837	870.0000
59.1042	893.0000
59.1246	865.0000
59.1451	831.0000
59.1655	847.0000
59.1860	829.0000
59.2065	829.0000
59.2269	816.0000
59.2474	801.0000
59.2679	867.0000
59.2883	794.0000
59.3088	814.0000
59.3292	802.0000
59.3497	825.0000
59.3702	890.0000
59.3906	807.0000
59.4111	840.0000
59.4316	832.0000
59.4520	784.0000
59.4725	818.0000
59.4929	779.0000
59.5134	836.0000
59.5339	803.0000
59.5543	806.0000
59.5748	787.0000
59.5953	786.0000
59.6157	857.0000
59.6362	834.0000
59.6566	812.0000
59.6771	837.0000
59.6976	801.0000
59.7180	818.0000
59.7385	801.0000
59.7590	854.0000
59.7794	841.0000
59.7999	816.0000
59.8203	832.0000
59.8408	794.0000
59.8613	811.0000
59.8817	795.0000
59.9022	812.0000
59.9227	816.0000
59.9431	772.0000
59.9636	836.0000
59.9841	809.0000
60.0045	803.0000
60.0250	816.0000
60.0454	787.0000
60.0659	824.0000
60.0864	784.0000
60.1068	867.0000
60.1273	828.0000
60.1478	790.0000
60.1682	775.0000
60.1887	814.0000
60.2091	819.0000
60.2296	822.0000
60.2501	852.0000
60.2705	765.0000
60.2910	813.0000
60.3115	810.0000
60.3319	826.0000
60.3524	791.0000
60.3728	851.0000
60.3933	833.0000
60.4138	800.0000
60.4342	831.0000
60.4547	861.0000
60.4752	834.0000
60.4956	772.0000
60.5161	810.0000
60.5365	763.0000
60.5570	866.0000
60.5775	797.0000
60.5979	822.0000
60.6184	832.0000
60.6389	802.0000
60.6593	807.0000
60.6798	731.0000
60.7002	806.0000
60.7207	793.0000
60.7412	774.0000
60.7616	809.0000
60.7821	759.0000
60.8026	805.0000
60.8230	783.0000
60.8435	871.0000
60.8639	799.0000
60.8844	764.0000
60.9049	821.0000
60.9253	803.0000
60.9458	770.0000
60.9663	837.0000
60.9867	826.0000
61.0072	741.0000
61.0276	799.0000
61.0481	807.0000
61.0686	769.0000
61.0890	814.0000
61.1095	760.0000
61.1300	816.0000
61.1504	822.0000
61.1709	762.0000
61.1913	834.0000
61.2118	787.0000
61.2323	804.0000
61.2527	852.0000
61.2732	809.0000
61.2937	758.0000
61.3141	809.0000
61.3346	810.0000
61.3550	815.0000
61.3755	778.0000
61.3960	803.0000
61.4164	754.0000
61.4369	861.0000
61.4574	814.0000
61.4778	811.0000
61.4983	873.0000
61.5188	777.0000
61.5392	774.0000
61.5597	846.0000
61.5801	818.0000
61.6006	825.0000
61.6211	840.0000
61.6415	796.0000
61.6620	831.0000
61.6825	821.0000
61.7029	745.0000
61.7234	756.0000
61.7438	793.0000
61.7643	809.0000
61.7848	811.0000
61.8052	838.0000
61.8257	854.0000
61.8462	840.0000
61.8666	787.0000
61.8871	795.0000
61.9075	829.0000
61.9280	824.0000
61.9485	777.0000
61.9689	789.0000
61.9894	793.0000
62.0099	776.0000
62.0303	764.0000
62.0508	785.0000
62.0712	821.0000
62.0917	811.0000
62.1122	883.0000
62.1326	776.0000
62.1531	785.0000
62.1736	787.0000
62.1940	777.0000
62.2145	800.0000
62.2349	802.0000
62.2554	857.0000
62.2759	817.0000
62.2963	842.0000
62.3168	791.0000
62.3373	827.0000
62.3577	843.0000
62.3782	797.0000
62.3986	805.0000
62.4191	797.0000
62.4396	838.0000
62.4600	834.0000
62.4805	771.0000
62.5010	857.0000
62.5214	811.0000
62.5419	802.0000
62.5623	746.0000
62.5828	833.0000
62.6033	820.0000
62.6237	827.0000
62.6442	869.0000
62.6647	844.0000
62.6851	813.0000
62.7056	822.0000
62.7260	816.0000
62.7465	778.0000
62.7670	770.0000
62.7874	814.0000
62.8079	813.0000
62.8284	810.0000
62.8488	812.0000
62.8693	824.0000
62.8897	818.0000
62.9102	768.0000
62.9307	783.0000
62.9511	809.0000
62.9716	787.0000
62.9921	742.0000
63.0125	787.0000
63.0330	763.0000
63.0535	838.0000
63.0739	796.0000
63.0944	826.0000
63.1148	843.0000
63.1353	844.0000
63.1558	780.0000
63.1762	832.0000
63.1967	795.0000
63.2172	798.0000
63.2376	794.0000
63.2581	840.0000
63.2785	855.0000
63.2990	821.0000
63.3195	844.0000
63.3399	820.0000
63.3604	877.0000
63.3809	796.0000
63.4013	831.0000
63.4218	832.0000
63.4422	763.0000
63.4627	787.0000
63.4832	809.0000
63.5036	819.0000
63.5241	827.0000
63.5446	812.0000
63.5650	798.0000
63.5855	847.0000
63.6059	800.0000
63.6264	809.0000
63.6469	774.0000
63.6673	831.0000
63.6878	836.0000
63.7083	849.0000
63.7287	831.0000
63.7492	798.0000
63.7696	793.0000
63.7901	841.0000
63.8106	821.0000
63.8310	804.0000
63.8515	840.0000
63.8720	876.0000
63.8924	817.0000
63.9129	883.0000
63.9333	894.0000
63.9538	875.0000
63.9743	901.0000
63.9947	835.0000
64.0152	840.0000
64.0357	827.0000
64.0561	865.0000
64.0766	878.0000
64.0970	838.0000
64.1175	808.0000
64.1380	887.0000
64.1584	860.0000
64.1789	904.0000
64.1994	845.0000
64.2198	883.0000
64.2403	942.0000
64.2607	847.0000
64.2812	885.0000
64.3017	860.0000
64.3221	811.0000
64.3426	854.0000
64.3631	868.0000
64.3835	764.0000
64.4040	780.0000
64.4244	814.0000
64.4449	818.0000
64.4654	811.0000
64.4858	815.0000
64.5063	840.0000
64.5268	812.0000
64.5472	812.0000
64.5677	817.0000
64.5882	794.0000
64.6086	811.0000
64.6291	792.0000
64.6495	835.0000
64.6700	822.0000
64.6905	792.0000
64.7109	817.0000
64.7314	811.0000
64.7519	788.0000
64.7723	831.0000
64.7928	790.0000
64.8132	766.0000
64.8337	786.0000
64.8542	797.0000
64.8746	842.0000
64.8951	809.0000
64.9156	763.0000
64.9360	799.0000
64.9565	838.0000
64.9769	760.0000
64.9974	810.0000
65.0179	722.0000
65.0383	802.0000
65.0588	837.0000
65.0793	798.0000
65.0997	839.0000
65.1202	780.0000
65.1406	774.0000
65.1611	788.0000
65.1816	803.0000
65.2020	849.0000
65.2225	826.0000
65.2430	833.0000
65.2634	767.0000
65.2839	822.0000
65.3043	793.0000
65.3248	817.0000
65.3453	809.0000
65.3657	840.0000
65.3862	795.0000
65.4067	794.0000
65.4271	833.0000
65.4476	792.0000
65.4680	803.0000
65.4885	860.0000
65.5090	771.0000
65.5294	798.0000
65.5499	818.0000
65.5704	804.0000
65.5908	804.0000
65.6113	823.0000
65.6317	832.0000
65.6522	784.0000
65.6727	801.0000
65.6931	766.0000
65.7136	836.0000
65.7341	803.0000
65.7545	802.0000
65.7750	771.0000
65.7954	803.0000
65.8159	806.0000
65.8364	792.0000
65.8568	778.0000
65.8773	809.0000
65.8978	806.0000
65.9182	803.0000
65.9387	816.0000
65.9591	795.0000
65.9796	768.0000
66.0001	798.0000
66.0205	801.0000
66.0410	801.0000
66.0615	826.0000
66.0819	805.0000
66.1024	848.0000
66.1229	809.0000
66.1433	811.0000
66.1638	767.0000
66.1842	763.0000
66.2047	770.0000
66.2252	785.0000
66.2456	801.0000
66.2661	759.0000
66.2866	784.0000
66.3070	814.0000
66.3275	767.0000
66.3479	774.0000
66.3684	828.0000
66.3889	854.0000
66.4093	823.0000
66.4298	798.0000
66.4503	793.0000
66.4707	820.0000
66.4912	864.0000
66.5116	863.0000
66.5321	782.0000
66.5526	802.0000
66.5730	797.0000
66.5935	822.0000
66.6140	781.0000
66.6344	843.0000
66.6549	812.0000
66.6753	826.0000
66.6958	762.0000
66.7163	829.0000
66.7367	811.0000
66.7572	802.0000
66.7777	820.0000
66.7981	839.0000
66.8186	854.0000
66.8390	789.0000
66.8595	802.0000
66.8800	817.0000
66.9004	793.0000
66.9209	780.0000
66.9414	822.0000
66.9618	807.0000
66.9823	801.0000
67.0027	827.0000
67.0232	845.0000
67.0437	851.0000
67.0641	828.0000
67.0846	828.0000
67.1051	847.0000
67.1255	857.0000
67.1460	830.0000
67.1664	801.0000
67.1869	893.0000
67.2074	856.0000
67.2278	866.0000
67.2483	909.0000
67.2688	936.0000
67.2892	977.0000
67.3097	913.0000
67.3301	1016.0000
67.3506	994.0000
67.3711	1066.0000
67.3915	1119.0000
67.4120	1172.0000
67.4325	1166.0000
67.4529	1249.0000
67.4734	1358.0000
67.4938	1358.0000
67.5143	1427.0000
67.5348	1517.0000
67.5552	1598.0000
67.5757	1612.0000
67.5962	1733.0000
67.6166	1826.0000
67.6371	1791.0000
67.6576	1830.0000
67.6780	1838.0000
67.6985	1881.0000
67.7189	1892.0000
67.7394	1770.0000
67.7599	1725.0000
67.7803	1666.0000
67.8008	1577.0000
67.8213	1575.0000
67.8417	1543.0000
67.8622	1477.0000
67.8826	1456.0000
67.9031	1374.0000
67.9236	1356.0000
67.9440	1309.0000
67.9645	1268.0000
67.9850	1225.0000
68.0054	1082.0000
68.0259	1108.0000
68.0463	1136.0000
68.0668	1056.0000
68.0873	969.0000
68.1077	1031.0000
68.1282	964.0000
68.1487	1020.0000
68.1691	958.0000
68.1896	968.0000
68.2100	894.0000
68.2305	931.0000
68.2510	929.0000
68.2714	909.0000
68.2919	907.0000
68.3124	892.0000
68.3328	907.0000
68.3533	968.0000
68.3737	929.0000
68.3942	852.0000
68.4147	918.0000
68.4351	881.0000
68.4556	854.0000
68.4761	886.0000
68.4965	869.0000
68.5170	883.0000
68.5374	858.0000
68.5579	918.0000
68.5784	885.0000
68.5988	878.0000
68.6193	872.0000
68.6398	837.0000
68.6602	906.0000
68.6807	853.0000
68.7011	853.0000
68.7216	924.0000
68.7421	883.0000
68.7625	903.0000
68.7830	844.0000
68.8035	878.0000
68.8239	866.0000
68.8444	916.0000
68.8648	882.0000
68.8853	874.0000
68.9058	899.0000
68.9262	887.0000
68.9467	800.0000
68.9672	805.0000
68.9876	889.0000
69.0081	946.0000
69.0285	824.0000
69.0490	870.0000
69.0695	876.0000
69.0899	837.0000
69.1104	851.0000
69.1309	801.0000
69.1513	870.0000
69.1718	888.0000
69.1923	884.0000
69.2127	834.0000
69.2332	844.0000
69.2536	770.0000
69.2741	815.0000
69.2946	841.0000
69.3150	794.0000
69.3355	820.0000
69.3560	777.0000
69.3764	820.0000
69.3969	770.0000
69.4173	804.0000
69.4378	821.0000
69.4583	838.0000
69.4787	826.0000
69.4992	752.0000
69.5197	793.0000
69.5401	826.0000
69.5606	772.0000
69.5810	806.0000
69.6015	790.0000
69.6220	858.0000
69.6424	792.0000
69.6629	753.0000
69.6834	825.0000
69.7038	766.0000
69.7243	837.0000
69.7447	825.0000
69.7652	803.0000
69.7857	810.0000
69.8061	832.0000
69.8266	761.0000
69.8471	774.0000
69.8675	808.0000
69.8880	810.0000
69.9084	751.0000
69.9289	816.0000
69.9494	784.0000
69.9698	774.0000
69.9903	800.0000
70.0108	812.0000
70.0312	820.0000
70.0517	812.0000
70.0721	781.0000
70.0926	753.0000
70.1131	831.0000
70.1335	774.0000
70.1540	764.0000
70.1745	758.0000
70.1949	816.0000
70.2154	803.0000
70.2358	828.0000
70.2563	786.0000
70.2768	823.0000
70.2972	786.0000
70.3177	800.0000
70.3382	787.0000
70.3586	744.0000
70.3791	805.0000
70.3995	819.0000
70.4200	812.0000
70.4405	847.0000
70.4609	743.0000
70.4814	784.0000
70.5019	801.0000
70.5223	790.0000
70.5428	847.0000
70.5632	814.0000
70.5837	780.0000
70.6042	781.0000
70.6246	837.0000
70.6451	797.0000
70.6656	819.0000
70.6860	811.0000
70.7065	785.0000
70.7270	827.0000
70.7474	768.0000
70.7679	820.0000
70.7883	809.0000
70.8088	811.0000
70.8293	826.0000
70.8497	831.0000
70.8702	777.0000
70.8907	755.0000
70.9111	792.0000
70.9316	849.0000
70.9520	788.0000
70.9725	797.0000
70.9930	808.0000
71.0134	787.0000
71.0339	818.0000
71.0544	822.0000
71.0748	841.0000
71.0953	823.0000
71.1157	780.0000
71.1362	853.0000
71.1567	814.0000
71.1771	894.0000
71.1976	827.0000
71.2181	852.0000
71.2385	818.0000
71.2590	811.0000
71.2794	793.0000
71.2999	844.0000
71.3204	857.0000
71.3408	831.0000
71.3613	794.0000
71.3818	845.0000
71.4022	827.0000
71.4227	823.0000
71.4431	813.0000
71.4636	804.0000
71.4841	785.0000
71.5045	825.0000
71.5250	773.0000
71.5455	828.0000
71.5659	805.0000
71.5864	851.0000
71.6068	815.0000
71.6273	787.0000
71.6478	835.0000
71.6682	785.0000
71.6887	797.0000
71.7092	782.0000
71.7296	837.0000
71.7501	798.0000
71.7705	844.0000
71.7910	800.0000
71.8115	797.0000
71.8319	821.0000
71.8524	866.0000
71.8729	810.0000
71.8933	797.0000
71.9138	872.0000
71.9342	804.0000
71.9547	830.0000
71.9752	862.0000
71.9956	829.0000
72.0161	861.0000
72.0366	809.0000
72.0570	842.0000
72.0775	904.0000
72.0979	900.0000
72.1184	875.0000
72.1389	883.0000
72.1593	910.0000
72.1798	906.0000
72.2003	972.0000
72.2207	946.0000
72.2412	901.0000
72.2617	957.0000
72.2821	1000.0000
72.3026	1002.0000
72.3230	986.0000
72.3435	1001.0000
72.3640	987.0000
72.3844	936.0000
72.4049	966.0000
72.4254	956.0000
72.4458	988.0000
72.4663	964.0000
72.4867	1025.0000
72.5072	984.0000
72.5277	903.0000
72.5481	987.0000
72.5686	944.0000
72.5891	883.0000
72.6095	845.0000
72.6300	936.0000
72.6504	901.0000
72.6709	863.0000
72.6914	891.0000
72.7118	850.0000
72.7323	866.0000
72.7528	844.0000
72.7732	830.0000
72.7937	849.0000
72.8141	839.0000
72.8346	831.0000
72.8551	792.0000
72.8755	829.0000
72.8960	838.0000
72.9165	861.0000
72.9369	801.0000
72.9574	870.0000
72.9778	791.0000
72.9983	836.0000
73.0188	828.0000
73.0392	811.0000
73.0597	809.0000
73.0802	840.0000
73.1006	811.0000
73.1211	846.0000
73.1415	883.0000
73.1620	805.0000
73.1825	814.0000
73.2029	820.0000
73.2234	811.0000
73.2439	764.0000
73.2643	848.0000
73.2848	856.0000
73.3052	800.0000
73.3257	827.0000
73.3462	820.0000
73.3666	831.0000
73.3871	829.0000
73.4076	884.0000
73.4280	833.0000
73.4485	851.0000
73.4689	869.0000
73.4894	792.0000
73.5099	837.0000
73.5303	841.0000
73.5508	764.0000
73.5713	771.0000
73.5917	807.0000
73.6122	823.0000
73.6326	838.0000
73.6531	789.0000
73.6736	795.0000
73.6940	842.0000
73.7145	814.0000
73.7350	801.0000
73.7554	802.0000
73.7759	806.0000
73.7964	795.0000
73.8168	811.0000
73.8373	800.0000
73.8577	782.0000
73.8782	797.0000
73.8987	811.0000
73.9191	784.0000
73.9396	803.0000
73.9601	780.0000
73.9805	806.0000
74.0010	819.0000
74.0214	791.0000
74.0419	813.0000
74.0624	774.0000
74.0828	784.0000
74.1033	793.0000
74.1238	796.0000
74.1442	808.0000
74.1647	780.0000
74.1851	780.0000
74.2056	761.0000
74.2261	773.0000
74.2465	769.0000
74.2670	771.0000
74.2875	788.0000
74.3079	803.0000
74.3284	851.0000
74.3488	777.0000
74.3693	803.0000
74.3898	809.0000
74.4102	836.0000
74.4307	754.0000
74.4512	812.0000
74.4716	772.0000
74.4921	805.0000
74.5125	802.0000
74.5330	779.0000
74.5535	754.0000
74.5739	841.0000
74.5944	774.0000
74.6149	796.0000
74.6353	811.0000
74.6558	836.0000
74.6762	792.0000
74.6967	787.0000
74.7172	849.0000
74.7376	861.0000
74.7581	811.0000
74.7786	820.0000
74.7990	779.0000
74.8195	772.0000
74.8399	783.0000
74.8604	792.0000
74.8809	810.0000
74.9013	818.0000
74.9218	789.0000
74.9423	813.0000
74.9627	867.0000
74.9832	776.0000
75.0036	777.0000
75.0241	814.0000
75.0446	779.0000
75.0650	801.0000
75.0855	791.0000
75.1060	789.0000
75.1264	781.0000
75.1469	796.0000
75.1673	789.0000
75.1878	808.0000
75.2083	741.0000
75.2287	793.0000
75.2492	779.0000
75.2697	824.0000
75.2901	840.0000
75.3106	791.0000
75.3311	821.0000
75.3515	826.0000
75.3720	787.0000
75.3924	830.0000
75.4129	824.0000
75.4334	780.0000
75.4538	799.0000
75.4743	808.0000
75.4948	862.0000
75.5152	804.0000
75.5357	804.0000
75.5561	800.0000
75.5766	786.0000
75.5971	770.0000
75.6175	765.0000
75.6380	809.0000
75.6585	747.0000
75.6789	833.0000
75.6994	807.0000
75.7198	855.0000
75.7403	760.0000
75.7608	787.0000
75.7812	790.0000
75.8017	818.0000
75.8222	788.0000
75.8426	808.0000
75.8631	801.0000
75.8835	788.0000
75.9040	818.0000
75.9245	797.0000
75.9449	822.0000
75.9654	866.0000
75.9859	802.0000
76.0063	762.0000
76.0268	871.0000
76.0472	790.0000
76.0677	834.0000
76.0882	837.0000
76.1086	829.0000
76.1291	871.0000
76.1496	730.0000
76.1700	835.0000
76.1905	758.0000
76.2109	883.0000
76.2314	845.0000
76.2519	823.0000
76.2723	866.0000
76.2928	842.0000
76.3133	783.0000
76.3337	827.0000
76.3542	860.0000
76.3746	835.0000
76.3951	836.0000
76.4156	876.0000
76.4360	852.0000
76.4565	879.0000
76.4770	892.0000
76.4974	876.0000
76.5179	900.0000
76.5383	939.0000
76.5588	848.0000
76.5793	906.0000
76.5997	934.0000
76.6202	919.0000
76.6407	1011.0000
76.6611	1018.0000
76.6816	1022.0000
76.7020	1044.0000
76.7225	1188.0000
76.7430	1199.0000
76.7634	1251.0000
76.7839	1313.0000
76.8044	1368.0000
76.8248	1379.0000
76.8453	1450.0000
76.8658	1585.0000
76.8862	1597.0000
76.9067	1466.0000
76.9271	1637.0000
76.9476	1627.0000
76.9681	1695.0000
76.9885	1552.0000
77.0090	1664.0000
77.0295	1572.0000
77.0499	1623.0000
77.0704	1550.0000
77.0908	1500.0000
77.1113	1451.0000
77.1318	1478.0000
77.1522	1435.0000
77.1727	1452.0000
77.1932	1335.0000
77.2136	1318.0000
77.2341	1245.0000
77.2545	1283.0000
77.2750	1166.0000
77.2955	1122.0000
77.3159	1120.0000
77.3364	1028.0000
77.3569	1063.0000
77.3773	1016.0000
77.3978	1014.0000
77.4182	958.0000
77.4387	1020.0000
77.4592	977.0000
77.4796	988.0000
77.5001	965.0000
77.5206	904.0000
77.5410	968.0000
77.5615	874.0000
77.5819	876.0000
77.6024	884.0000
77.6229	898.0000
77.6433	907.0000
77.6638	861.0000
77.6843	904.0000
77.7047	917.0000
77.7252	884.0000
77.7456	928.0000
77.7661	908.0000
77.7866	823.0000
77.8070	898.0000
77.8275	936.0000
77.8480	906.0000
77.8684	876.0000
77.8889	910.0000
77.9093	921.0000
77.9298	943.0000
77.9503	910.0000
77.9707	916.0000
77.9912	931.0000
78.0117	929.0000
78.0321	982.0000
78.0526	895.0000
78.0730	934.0000
78.0935	921.0000
78.1140	875.0000
78.1344	914.0000
78.1549	948.0000
78.1754	920.0000
78.1958	898.0000
78.2163	854.0000
78.2367	908.0000
78.2572	890.0000
78.2777	824.0000
78.2981	882.0000
78.3186	853.0000
78.3391	885.0000
78.3595	883.0000
78.3800	787.0000
78.4005	874.0000
78.4209	859.0000
78.4414	860.0000
78.4618	876.0000
78.4823	858.0000
78.5028	873.0000
78.5232	859.0000
78.5437	808.0000
78.5642	843.0000
78.5846	870.0000
78.6051	872.0000
78.6255	806.0000
78.6460	836.0000
78.6665	864.0000
78.6869	887.0000
78.7074	864.0000
78.7279	814.0000
78.7483	807.0000
78.7688	817.0000
78.7892	777.0000
78.8097	806.0000
78.8302	813.0000
78.8506	783.0000
78.8711	818.0000
78.8916	796.0000
78.9120	853.0000
78.9325	832.0000
78.9529	808.0000
78.9734	812.0000
78.9939	806.0000
79.0143	776.0000
79.0348	800.0000
79.0553	804.0000
79.0757	819.0000
79.0962	785.0000
79.1166	796.0000
79.1371	789.0000
79.1576	813.0000
79.1780	784.0000
79.1985	819.0000
79.2190	846.0000
79.2394	787.0000
79.2599	809.0000
79.2803	783.0000
79.3008	835.0000
79.3213	837.0000
79.3417	764.0000
79.3622	813.0000
79.3827	740.0000
79.4031	803.0000
79.4236	802.0000
79.4440	755.0000
79.4645	785.0000
79.4850	761.0000
79.5054	829.0000
79.5259	815.0000
79.5464	793.0000
79.5668	848.0000
79.5873	777.0000
79.6077	742.0000
79.6282	782.0000
79.6487	769.0000
79.6691	779.0000
79.6896	790.0000
79.7101	782.0000
79.7305	775.0000
79.7510	844.0000
79.7714	829.0000
79.7919	873.0000
79.8124	767.0000
79.8328	785.0000
79.8533	876.0000
79.8738	831.0000
79.8942	799.0000
79.9147	793.0000
79.9352	826.0000
79.9556	786.0000
79.9761	788.0000
79.9965	758.0000
