20.0000	1199.0000
20.0205	1200.0000
20.0409	1161.0000
20.0614	1160.0000
20.0819	1149.0000
20.1023	1189.0000
20.1228	1155.0000
20.1432	1218.0000
20.1637	1137.0000
20.1842	1207.0000
20.2046	1210.0000
20.2251	1085.0000
20.2456	1162.0000
20.2660	1101.0000
20.2865	1148.0000
20.3069	1158.0000
20.3274	1177.0000
20.3479	1152.0000
20.3683	1113.0000
20.3888	1145.0000
20.4093	1152.0000
20.4297	1188.0000
20.4502	1175.0000
20.4706	1124.0000
20.4911	1154.0000
20.5116	1131.0000
20.5320	1103.0000
20.5525	1174.0000
20.5730	1150.0000
20.5934	1135.0000
20.6139	1197.0000
20.6343	1153.0000
20.6548	1165.0000
20.6753	1132.0000
20.6957	1124.0000
20.7162	1146.0000
20.7367	1127.0000
20.7571	1160.0000
20.7776	1148.0000
20.7980	1165.0000
20.8185	1177.0000
20.8390	1148.0000
20.8594	1117.0000
20.8799	1117.0000
20.9004	1067.0000
20.9208	1161.0000
20.9413	1099.0000
20.9617	1147.0000
20.9822	1192.0000
21.0027	1078.0000
21.0231	1167.0000
21.0436	1131.0000
21.0641	1156.0000
21.0845	1183.0000
21.1050	1097.0000
21.1254	1198.0000
21.1459	1116.0000
21.1664	1156.0000
21.1868	1140.0000
21.2073	1116.0000
21.2278	1087.0000
21.2482	1143.0000
21.2687	1137.0000
21.2891	1187.0000
21.3096	1158.0000
21.3301	1137.0000
21.3505	1140.0000
21.3710	1158.0000
21.3915	1082.0000
21.4119	1146.0000
21.4324	1149.0000
21.4528	1179.0000
21.4733	1192.0000
21.4938	1190.0000
21.5142	1131.0000
21.5347	1102.0000
21.5552	1128.0000
21.5756	1145.0000
21.5961	1117.0000
21.6166	1170.0000
21.6370	1074.0000
21.6575	1153.0000
21.6779	1125.0000
21.6984	1203.0000
21.7189	1139.0000
21.7393	1061.0000
21.7598	1052.0000
21.7803	1144.0000
21.8007	1183.0000
21.8212	1153.0000
21.8416	1182.0000
21.8621	1081.0000
21.8826	1147.0000
21.9030	1109.0000
21.9235	1061.0000
21.9440	1155.0000
21.9644	1101.0000
21.9849	1102.0000
22.0053	1109.0000
22.0258	1125.0000
22.0463	1185.0000
22.0667	1150.0000
22.0872	1147.0000
22.1077	1152.0000
22.1281	1109.0000
22.1486	1100.0000
22.1690	1087.0000
22.1895	1153.0000
22.2100	1097.0000
22.2304	1127.0000
22.2509	1131.0000
22.2714	1105.0000
22.2918	1162.0000
22.3123	1160.0000
22.3327	1133.0000
22.3532	1101.0000
22.3737	1106.0000
22.3941	1106.0000
22.4146	1121.0000
22.4351	1086.0000
22.4555	1061.0000
22.4760	1158.0000
22.4964	1107.0000
22.5169	1108.0000
22.5374	1100.0000
22.5578	1098.0000
22.5783	1114.0000
22.5988	1110.0000
22.6192	1234.0000
22.6397	1167.0000
22.6601	1113.0000
22.6806	1167.0000
22.7011	1179.0000
22.7215	1115.0000
22.7420	1131.0000
22.7625	1128.0000
22.7829	1226.0000
22.8034	1181.0000
22.8238	1235.0000
22.8443	1266.0000
22.8648	1280.0000
22.8852	1345.0000
22.9057	1330.0000
22.9262	1349.0000
22.9466	1431.0000
22.9671	1473.0000
22.9875	1544.0000
23.0080	1665.0000
23.0285	1804.0000
23.0489	1778.0000
23.0694	1776.0000
23.0899	1719.0000
23.1103	1575.0000
23.1308	1437.0000
23.1513	1375.0000
23.1717	1221.0000
23.1922	1249.0000
23.2126	1159.0000
23.2331	1189.0000
23.2536	1198.0000
23.2740	1168.0000
23.2945	1173.0000
23.3150	1071.0000
23.3354	1146.0000
23.3559	1124.0000
23.3763	1137.0000
23.3968	1113.0000
23.4173	1125.0000
23.4377	1104.0000
23.4582	1158.0000
23.4787	1170.0000
23.4991	1179.0000
23.5196	1077.0000
23.5400	1085.0000
23.5605	1123.0000
23.5810	1067.0000
23.6014	1104.0000
23.6219	1156.0000
23.6424	1089.0000
23.6628	1078.0000
23.6833	1151.0000
23.7037	1088.0000
23.7242	1076.0000
23.7447	1121.0000
23.7651	1103.0000
23.7856	1070.0000
23.8061	1149.0000
23.8265	1090.0000
23.8470	1048.0000
23.8674	1103.0000
23.8879	1063.0000
23.9084	1092.0000
23.9288	1052.0000
23.9493	1075.0000
23.9698	1098.0000
23.9902	1069.0000
24.0107	1079.0000
24.0311	1111.0000
24.0516	1086.0000
24.0721	1112.0000
24.0925	1098.0000
24.1130	1126.0000
24.1335	1038.0000
24.1539	1103.0000
24.1744	1057.0000
24.1948	1098.0000
24.2153	1122.0000
24.2358	1110.0000
24.2562	1115.0000
24.2767	1139.0000
24.2972	1062.0000
24.3176	1101.0000
24.3381	1123.0000
24.3585	1038.0000
24.3790	1065.0000
24.3995	1065.0000
24.4199	1116.0000
24.4404	1045.0000
24.4609	1043.0000
24.4813	1098.0000
24.5018	1125.0000
24.5222	1111.0000
24.5427	1091.0000
24.5632	1137.0000
24.5836	1051.0000
24.6041	1043.0000
24.6246	1027.0000
24.6450	1038.0000
24.6655	1088.0000
24.6860	1073.0000
24.7064	1052.0000
24.7269	1087.0000
24.7473	1090.0000
24.7678	1102.0000
24.7883	1085.0000
24.8087	1079.0000
24.8292	993.0000
24.8497	1010.0000
24.8701	1079.0000
24.8906	1065.0000
24.9110	1102.0000
24.9315	1074.0000
24.9520	1102.0000
24.9724	1035.0000
24.9929	1104.0000
25.0134	1101.0000
25.0338	1038.0000
25.0543	1027.0000
25.0747	1099.0000
25.0952	1029.0000
25.1157	1103.0000
25.1361	1100.0000
25.1566	1096.0000
25.1771	1079.0000
25.1975	1080.0000
25.2180	1097.0000
25.2384	1082.0000
25.2589	1046.0000
25.2794	1057.0000
25.2998	1106.0000
25.3203	1077.0000
25.3408	1060.0000
25.3612	1051.0000
25.3817	1108.0000
25.4021	1046.0000
25.4226	1067.0000
25.4431	1082.0000
25.4635	1104.0000
25.4840	1112.0000
25.5045	1044.0000
25.5249	1131.0000
25.5454	1001.0000
25.5658	1083.0000
25.5863	1026.0000
25.6068	1144.0000
25.6272	1076.0000
25.6477	1072.0000
25.6682	1080.0000
25.6886	1102.0000
25.7091	1050.0000
25.7295	1101.0000
25.7500	1038.0000
25.7705	1072.0000
25.7909	1075.0000
25.8114	1093.0000
25.8319	1057.0000
25.8523	1030.0000
25.8728	1052.0000
25.8932	1038.0000
25.9137	1045.0000
25.9342	1079.0000
25.9546	1058.0000
25.9751	1019.0000
25.9956	1077.0000
26.0160	1089.0000
26.0365	999.0000
26.0569	1110.0000
26.0774	1033.0000
26.0979	1124.0000
26.1183	1111.0000
26.1388	1040.0000
26.1593	1076.0000
26.1797	1054.0000
26.2002	1033.0000
26.2207	1041.0000
26.2411	1132.0000
26.2616	1060.0000
26.2820	1078.0000
26.3025	1049.0000
26.3230	1051.0000
26.3434	1045.0000
26.3639	1077.0000
26.3844	1108.0000
26.4048	1014.0000
26.4253	1067.0000
26.4457	1056.0000
26.4662	1051.0000
26.4867	1002.0000
26.5071	1069.0000
26.5276	1049.0000
26.5481	1063.0000
26.5685	1010.0000
26.5890	1081.0000
26.6094	1067.0000
26.6299	1014.0000
26.6504	1042.0000
26.6708	1059.0000
26.6913	1060.0000
26.7118	1031.0000
26.7322	1067.0000
26.7527	1007.0000
26.7731	1038.0000
26.7936	1046.0000
26.8141	1030.0000
26.8345	1110.0000
26.8550	1019.0000
26.8755	1061.0000
26.8959	1036.0000
26.9164	1030.0000
26.9368	1098.0000
26.9573	1052.0000
26.9778	1007.0000
26.9982	1079.0000
27.0187	1038.0000
27.0392	1020.0000
27.0596	1006.0000
27.0801	1097.0000
27.1005	1050.0000
27.1210	1039.0000
27.1415	1038.0000
27.1619	1058.0000
27.1824	1033.0000
27.2029	1057.0000
27.2233	1073.0000
27.2438	999.0000
27.2642	1038.0000
27.2847	1122.0000
27.3052	1042.0000
27.3256	1085.0000
27.3461	1080.0000
27.3666	1134.0000
27.3870	1027.0000
27.4075	1076.0000
27.4279	1049.0000
27.4484	1079.0000
27.4689	1025.0000
27.4893	1030.0000
27.5098	1055.0000
27.5303	1004.0000
27.5507	1008.0000
27.5712	1067.0000
27.5916	1095.0000
27.6121	1045.0000
27.6326	1066.0000
27.6530	979.0000
27.6735	1027.0000
27.6940	990.0000
27.7144	1052.0000
27.7349	1044.0000
27.7554	1046.0000
27.7758	1061.0000
27.7963	1013.0000
27.8167	1080.0000
27.8372	1026.0000
27.8577	1045.0000
27.8781	976.0000
27.8986	1053.0000
27.9191	994.0000
27.9395	985.0000
27.9600	1094.0000
27.9804	1010.0000
28.0009	1073.0000
28.0214	1043.0000
28.0418	1016.0000
28.0623	1124.0000
28.0828	1039.0000
28.1032	1028.0000
28.1237	1025.0000
28.1441	1087.0000
28.1646	1065.0000
28.1851	1065.0000
28.2055	1032.0000
28.2260	988.0000
28.2465	1042.0000
28.2669	996.0000
28.2874	1045.0000
28.3078	1077.0000
28.3283	1013.0000
28.3488	1010.0000
28.3692	1065.0000
28.3897	1049.0000
28.4102	1081.0000
28.4306	967.0000
28.4511	978.0000
28.4715	1034.0000
28.4920	1073.0000
28.5125	1090.0000
28.5329	1025.0000
28.5534	1069.0000
28.5739	1102.0000
28.5943	1036.0000
28.6148	1061.0000
28.6352	1025.0000
28.6557	1043.0000
28.6762	1039.0000
28.6966	985.0000
28.7171	1027.0000
28.7376	1070.0000
28.7580	1055.0000
28.7785	1011.0000
28.7989	1010.0000
28.8194	1034.0000
28.8399	992.0000
28.8603	1048.0000
28.8808	1064.0000
28.9013	1071.0000
28.9217	1028.0000
28.9422	1024.0000
28.9626	1028.0000
28.9831	1051.0000
29.0036	1050.0000
29.0240	1045.0000
29.0445	1023.0000
29.0650	1039.0000
29.0854	984.0000
29.1059	1048.0000
29.1263	1006.0000
29.1468	978.0000
29.1673	1011.0000
29.1877	1077.0000
29.2082	1046.0000
29.2287	1001.0000
29.2491	1011.0000
29.2696	1021.0000
29.2901	1083.0000
29.3105	1053.0000
29.3310	1081.0000
29.3514	987.0000
29.3719	1038.0000
29.3924	1083.0000
29.4128	1016.0000
29.4333	1044.0000
29.4538	1060.0000
29.4742	1050.0000
29.4947	1070.0000
29.5151	1048.0000
29.5356	1085.0000
29.5561	1063.0000
29.5765	1092.0000
29.5970	1043.0000
29.6175	1077.0000
29.6379	1108.0000
29.6584	1001.0000
29.6788	951.0000
29.6993	970.0000
29.7198	1056.0000
29.7402	995.0000
29.7607	990.0000
29.7812	1010.0000
29.8016	979.0000
29.8221	982.0000
29.8425	1018.0000
29.8630	1013.0000
29.8835	985.0000
29.9039	937.0000
29.9244	967.0000
29.9449	977.0000
29.9653	987.0000
29.9858	1008.0000
30.0062	996.0000
30.0267	1006.0000
30.0472	1032.0000
30.0676	959.0000
30.0881	959.0000
30.1086	989.0000
30.1290	1047.0000
30.1495	981.0000
30.1699	992.0000
30.1904	986.0000
30.2109	892.0000
30.2313	1028.0000
30.2518	967.0000
30.2723	950.0000
30.2927	995.0000
30.3132	951.0000
30.3336	970.0000
30.3541	964.0000
30.3746	973.0000
30.3950	934.0000
30.4155	938.0000
30.4360	1006.0000
30.4564	977.0000
30.4769	1002.0000
30.4973	995.0000
30.5178	932.0000
30.5383	977.0000
30.5587	1023.0000
30.5792	990.0000
30.5997	1006.0000
30.6201	993.0000
30.6406	911.0000
30.6610	979.0000
30.6815	964.0000
30.7020	861.0000
30.7224	973.0000
30.7429	963.0000
30.7634	948.0000
30.7838	949.0000
30.8043	972.0000
30.8248	999.0000
30.8452	947.0000
30.8657	957.0000
30.8861	928.0000
30.9066	956.0000
30.9271	926.0000
30.9475	890.0000
30.9680	939.0000
30.9885	950.0000
31.0089	961.0000
31.0294	921.0000
31.0498	931.0000
31.0703	923.0000
31.0908	956.0000
31.1112	944.0000
31.1317	958.0000
31.1522	903.0000
31.1726	968.0000
31.1931	896.0000
31.2135	986.0000
31.2340	903.0000
31.2545	920.0000
31.2749	881.0000
31.2954	837.0000
31.3159	899.0000
31.3363	950.0000
31.3568	913.0000
31.3772	850.0000
31.3977	889.0000
31.4182	928.0000
31.4386	930.0000
31.4591	931.0000
31.4796	953.0000
31.5000	983.0000
31.5205	971.0000
31.5409	911.0000
31.5614	935.0000
31.5819	945.0000
31.6023	968.0000
31.6228	923.0000
31.6433	980.0000
31.6637	959.0000
31.6842	998.0000
31.7046	1030.0000
31.7251	998.0000
31.7456	934.0000
31.7660	972.0000
31.7865	1025.0000
31.8070	995.0000
31.8274	966.0000
31.8479	909.0000
31.8683	990.0000
31.8888	942.0000
31.9093	996.0000
31.9297	989.0000
31.9502	935.0000
31.9707	961.0000
31.9911	956.0000
32.0116	986.0000
32.0320	1051.0000
32.0525	988.0000
32.0730	998.0000
32.0934	982.0000
32.1139	996.0000
32.1344	1027.0000
32.1548	980.0000
32.1753	1069.0000
32.1957	1085.0000
32.2162	1068.0000
32.2367	1169.0000
32.2571	1127.0000
32.2776	1135.0000
32.2981	1182.0000
32.3185	1276.0000
32.3390	1344.0000
32.3595	1463.0000
32.3799	1502.0000
32.4004	1724.0000
32.4208	1860.0000
32.4413	1899.0000
32.4618	2036.0000
32.4822	2182.0000
32.5027	2425.0000
32.5232	2507.0000
32.5436	2706.0000
32.5641	2995.0000
32.5845	3097.0000
32.6050	3552.0000
32.6255	3981.0000
32.6459	4696.0000
32.6664	5290.0000
32.6869	6075.0000
32.7073	7416.0000
32.7278	8725.0000
32.7482	10034.0000
32.7687	11500.0000
32.7892	12585.0000
32.8096	12935.0000
32.8301	12236.0000
32.8506	10294.0000
32.8710	8396.0000
32.8915	6986.0000
32.9119	5657.0000
32.9324	4396.0000
32.9529	3133.0000
32.9733	2258.0000
32.9938	1904.0000
33.0143	1604.0000
33.0347	1461.0000
33.0552	1372.0000
33.0756	1292.0000
33.0961	1255.0000
33.1166	1160.0000
33.1370	1106.0000
33.1575	1057.0000
33.1780	1068.0000
33.1984	1026.0000
33.2189	1049.0000
33.2393	1019.0000
33.2598	958.0000
33.2803	942.0000
33.3007	967.0000
33.3212	1042.0000
33.3417	904.0000
33.3621	943.0000
33.3826	951.0000
33.4030	927.0000
33.4235	974.0000
33.4440	951.0000
33.4644	957.0000
33.4849	953.0000
33.5054	942.0000
33.5258	907.0000
33.5463	949.0000
33.5667	976.0000
33.5872	921.0000
33.6077	979.0000
33.6281	945.0000
33.6486	926.0000
33.6691	907.0000
33.6895	923.0000
33.7100	980.0000
33.7304	946.0000
33.7509	963.0000
33.7714	946.0000
33.7918	932.0000
33.8123	929.0000
33.8328	928.0000
33.8532	911.0000
33.8737	898.0000
33.8942	924.0000
33.9146	917.0000
33.9351	901.0000
33.9555	909.0000
33.9760	897.0000
33.9965	949.0000
34.0169	895.0000
34.0374	884.0000
34.0579	876.0000
34.0783	888.0000
34.0988	907.0000
34.1192	932.0000
34.1397	917.0000
34.1602	926.0000
34.1806	886.0000
34.2011	986.0000
34.2216	962.0000
34.2420	912.0000
34.2625	973.0000
34.2829	928.0000
34.3034	966.0000
34.3239	1017.0000
34.3443	1036.0000
34.3648	1061.0000
34.3853	919.0000
34.4057	920.0000
34.4262	932.0000
34.4466	926.0000
34.4671	906.0000
34.4876	860.0000
34.5080	918.0000
34.5285	868.0000
34.5490	875.0000
34.5694	979.0000
34.5899	935.0000
34.6103	910.0000
34.6308	939.0000
34.6513	865.0000
34.6717	869.0000
34.6922	932.0000
34.7127	911.0000
34.7331	879.0000
34.7536	881.0000
34.7740	922.0000
34.7945	957.0000
34.8150	899.0000
34.8354	938.0000
34.8559	870.0000
34.8764	968.0000
34.8968	920.0000
34.9173	939.0000
34.9377	905.0000
34.9582	939.0000
34.9787	978.0000
34.9991	895.0000
35.0196	892.0000
35.0401	916.0000
35.0605	884.0000
35.0810	863.0000
35.1014	919.0000
35.1219	920.0000
35.1424	917.0000
35.1628	907.0000
35.1833	870.0000
35.2038	899.0000
35.2242	883.0000
35.2447	907.0000
35.2651	863.0000
35.2856	895.0000
35.3061	906.0000
35.3265	934.0000
35.3470	870.0000
35.3675	941.0000
35.3879	914.0000
35.4084	858.0000
35.4289	907.0000
35.4493	870.0000
35.4698	922.0000
35.4902	940.0000
35.5107	902.0000
35.5312	930.0000
35.5516	911.0000
35.5721	927.0000
35.5926	840.0000
35.6130	884.0000
35.6335	908.0000
35.6539	946.0000
35.6744	872.0000
35.6949	870.0000
35.7153	877.0000
35.7358	911.0000
35.7563	889.0000
35.7767	928.0000
35.7972	889.0000
35.8176	948.0000
35.8381	867.0000
35.8586	901.0000
35.8790	951.0000
35.8995	941.0000
35.9200	870.0000
35.9404	871.0000
35.9609	888.0000
35.9813	878.0000
36.0018	860.0000
36.0223	869.0000
36.0427	909.0000
36.0632	909.0000
36.0837	956.0000
36.1041	831.0000
36.1246	948.0000
36.1450	869.0000
36.1655	860.0000
36.1860	868.0000
36.2064	892.0000
36.2269	910.0000
36.2474	887.0000
36.2678	913.0000
36.2883	890.0000
36.3087	860.0000
36.3292	865.0000
36.3497	911.0000
36.3701	857.0000
36.3906	853.0000
36.4111	886.0000
36.4315	896.0000
36.4520	925.0000
36.4724	883.0000
36.4929	841.0000
36.5134	880.0000
36.5338	890.0000
36.5543	869.0000
36.5748	886.0000
36.5952	868.0000
36.6157	920.0000
36.6361	890.0000
36.6566	860.0000
36.6771	877.0000
36.6975	849.0000
36.7180	854.0000
36.7385	872.0000
36.7589	921.0000
36.7794	880.0000
36.7998	867.0000
36.8203	976.0000
36.8408	892.0000
36.8612	866.0000
36.8817	860.0000
36.9022	903.0000
36.9226	936.0000
36.9431	881.0000
36.9636	948.0000
36.9840	872.0000
37.0045	838.0000
37.0249	854.0000
37.0454	910.0000
37.0659	906.0000
37.0863	900.0000
37.1068	928.0000
37.1273	891.0000
37.1477	967.0000
37.1682	928.0000
37.1886	952.0000
37.2091	909.0000
37.2296	869.0000
37.2500	930.0000
37.2705	917.0000
37.2910	927.0000
37.3114	975.0000
37.3319	914.0000
37.3523	951.0000
37.3728	975.0000
37.3933	916.0000
37.4137	880.0000
37.4342	926.0000
37.4547	965.0000
37.4751	851.0000
37.4956	827.0000
37.5160	916.0000
37.5365	907.0000
37.5570	883.0000
37.5774	880.0000
37.5979	923.0000
37.6184	920.0000
37.6388	917.0000
37.6593	877.0000
37.6797	838.0000
37.7002	937.0000
37.7207	881.0000
37.7411	879.0000
37.7616	879.0000
37.7821	870.0000
37.8025	902.0000
37.8230	903.0000
37.8434	885.0000
37.8639	905.0000
37.8844	875.0000
37.9048	911.0000
37.9253	915.0000
37.9458	890.0000
37.9662	886.0000
37.9867	913.0000
38.0071	877.0000
38.0276	860.0000
38.0481	920.0000
38.0685	895.0000
38.0890	899.0000
38.1095	878.0000
38.1299	910.0000
38.1504	906.0000
38.1708	902.0000
38.1913	880.0000
38.2118	967.0000
38.2322	964.0000
38.2527	983.0000
38.2732	886.0000
38.2936	892.0000
38.3141	863.0000
38.3345	882.0000
38.3550	853.0000
38.3755	879.0000
38.3959	888.0000
38.4164	899.0000
38.4369	903.0000
38.4573	914.0000
38.4778	857.0000
38.4983	863.0000
38.5187	867.0000
38.5392	908.0000
38.5596	851.0000
38.5801	860.0000
38.6006	930.0000
38.6210	945.0000
38.6415	930.0000
38.6620	907.0000
38.6824	903.0000
38.7029	952.0000
38.7233	927.0000
38.7438	859.0000
38.7643	925.0000
38.7847	904.0000
38.8052	916.0000
38.8257	939.0000
38.8461	911.0000
38.8666	956.0000
38.8870	917.0000
38.9075	903.0000
38.9280	866.0000
38.9484	854.0000
38.9689	952.0000
38.9894	897.0000
39.0098	894.0000
39.0303	893.0000
39.0507	895.0000
39.0712	840.0000
39.0917	906.0000
39.1121	908.0000
39.1326	909.0000
39.1531	938.0000
39.1735	897.0000
39.1940	911.0000
39.2144	907.0000
39.2349	894.0000
39.2554	939.0000
39.2758	958.0000
39.2963	851.0000
39.3168	891.0000
39.3372	961.0000
39.3577	920.0000
39.3781	900.0000
39.3986	873.0000
39.4191	917.0000
39.4395	922.0000
39.4600	903.0000
39.4805	916.0000
39.5009	904.0000
39.5214	902.0000
39.5418	888.0000
39.5623	908.0000
39.5828	919.0000
39.6032	866.0000
39.6237	942.0000
39.6442	871.0000
39.6646	926.0000
39.6851	908.0000
39.7055	869.0000
39.7260	909.0000
39.7465	941.0000
39.7669	939.0000
39.7874	930.0000
39.8079	959.0000
39.8283	890.0000
39.8488	945.0000
39.8692	919.0000
39.8897	996.0000
39.9102	1024.0000
39.9306	1031.0000
39.9511	979.0000
39.9716	1023.0000
39.9920	1063.0000
40.0125	996.0000
40.0330	1057.0000
40.0534	1117.0000
40.0739	1058.0000
40.0943	1091.0000
40.1148	1153.0000
40.1353	1180.0000
40.1557	1213.0000
40.1762	1285.0000
40.1967	1341.0000
40.2171	1361.0000
40.2376	1483.0000
40.2580	1539.0000
40.2785	1586.0000
40.2990	1664.0000
40.3194	1838.0000
40.3399	1949.0000
40.3604	2028.0000
40.3808	2229.0000
40.4013	2393.0000
40.4217	2616.0000
40.4422	2628.0000
40.4627	2718.0000
40.4831	2372.0000
40.5036	2107.0000
40.5241	1876.0000
40.5445	1826.0000
40.5650	1665.0000
40.5854	1502.0000
40.6059	1363.0000
40.6264	1193.0000
40.6468	1069.0000
40.6673	1044.0000
40.6878	1044.0000
40.7082	994.0000
40.7287	935.0000
40.7491	1000.0000
40.7696	957.0000
40.7901	966.0000
40.8105	946.0000
40.8310	980.0000
40.8515	900.0000
40.8719	928.0000
40.8924	939.0000
40.9128	954.0000
40.9333	936.0000
40.9538	926.0000
40.9742	879.0000
40.9947	953.0000
41.0152	917.0000
41.0356	907.0000
41.0561	852.0000
41.0765	864.0000
41.0970	984.0000
41.1175	881.0000
41.1379	860.0000
41.1584	874.0000
41.1789	902.0000
41.1993	912.0000
41.2198	943.0000
41.2402	910.0000
41.2607	893.0000
41.2812	894.0000
41.3016	979.0000
41.3221	870.0000
41.3426	956.0000
41.3630	888.0000
41.3835	904.0000
41.4039	905.0000
41.4244	886.0000
41.4449	954.0000
41.4653	914.0000
41.4858	890.0000
41.5063	930.0000
41.5267	944.0000
41.5472	954.0000
41.5677	938.0000
41.5881	955.0000
41.6086	868.0000
41.6290	902.0000
41.6495	940.0000
41.6700	957.0000
41.6904	929.0000
41.7109	940.0000
41.7314	868.0000
41.7518	886.0000
41.7723	907.0000
41.7927	880.0000
41.8132	905.0000
41.8337	887.0000
41.8541	926.0000
41.8746	902.0000
41.8951	945.0000
41.9155	963.0000
41.9360	902.0000
41.9564	874.0000
41.9769	932.0000
41.9974	920.0000
42.0178	899.0000
42.0383	951.0000
42.0588	888.0000
42.0792	955.0000
42.0997	904.0000
42.1201	939.0000
42.1406	931.0000
42.1611	893.0000
42.1815	943.0000
42.2020	849.0000
42.2225	927.0000
42.2429	868.0000
42.2634	872.0000
42.2838	951.0000
42.3043	876.0000
42.3248	927.0000
42.3452	934.0000
42.3657	870.0000
42.3862	896.0000
42.4066	898.0000
42.4271	888.0000
42.4475	953.0000
42.4680	890.0000
42.4885	895.0000
42.5089	915.0000
42.5294	902.0000
42.5499	949.0000
42.5703	894.0000
42.5908	942.0000
42.6112	907.0000
42.6317	952.0000
42.6522	870.0000
42.6726	936.0000
42.6931	937.0000
42.7136	897.0000
42.7340	901.0000
42.7545	896.0000
42.7749	910.0000
42.7954	980.0000
42.8159	928.0000
42.8363	914.0000
42.8568	909.0000
42.8773	901.0000
42.8977	908.0000
42.9182	908.0000
42.9386	908.0000
42.9591	935.0000
42.9796	928.0000
43.0000	891.0000
43.0205	960.0000
43.0410	883.0000
43.0614	931.0000
43.0819	861.0000
43.1024	896.0000
43.1228	853.0000
43.1433	939.0000
43.1637	919.0000
43.1842	985.0000
43.2047	956.0000
43.2251	887.0000
43.2456	841.0000
43.2661	982.0000
43.2865	928.0000
43.3070	870.0000
43.3274	920.0000
43.3479	932.0000
43.3684	916.0000
43.3888	888.0000
43.4093	931.0000
43.4298	866.0000
43.4502	934.0000
43.4707	878.0000
43.4911	952.0000
43.5116	855.0000
43.5321	882.0000
43.5525	897.0000
43.5730	932.0000
43.5935	904.0000
43.6139	897.0000
43.6344	897.0000
43.6548	904.0000
43.6753	944.0000
43.6958	895.0000
43.7162	952.0000
43.7367	918.0000
43.7572	879.0000
43.7776	899.0000
43.7981	926.0000
43.8185	920.0000
43.8390	855.0000
43.8595	946.0000
43.8799	949.0000
43.9004	852.0000
43.9209	905.0000
43.9413	868.0000
43.9618	883.0000
43.9822	900.0000
44.0027	893.0000
44.0232	934.0000
44.0436	932.0000
44.0641	916.0000
44.0846	871.0000
44.1050	954.0000
44.1255	913.0000
44.1459	909.0000
44.1664	879.0000
44.1869	915.0000
44.2073	900.0000
44.2278	981.0000
44.2483	910.0000
44.2687	1020.0000
44.2892	939.0000
44.3096	924.0000
44.3301	881.0000
44.3506	925.0000
44.3710	917.0000
44.3915	903.0000
44.4120	884.0000
44.4324	884.0000
44.4529	897.0000
44.4733	824.0000
44.4938	860.0000
44.5143	868.0000
44.5347	935.0000
44.5552	894.0000
44.5757	893.0000
44.5961	918.0000
44.6166	976.0000
44.6371	945.0000
44.6575	937.0000
44.6780	897.0000
44.6984	912.0000
44.7189	922.0000
44.7394	908.0000
44.7598	875.0000
44.7803	947.0000
44.8008	940.0000
44.8212	948.0000
44.8417	950.0000
44.8621	897.0000
44.8826	927.0000
44.9031	946.0000
44.9235	927.0000
44.9440	955.0000
44.9645	898.0000
44.9849	909.0000
45.0054	899.0000
45.0258	911.0000
45.0463	923.0000
45.0668	961.0000
45.0872	901.0000
45.1077	943.0000
45.1282	909.0000
45.1486	910.0000
45.1691	903.0000
45.1895	985.0000
45.2100	950.0000
45.2305	987.0000
45.2509	943.0000
45.2714	920.0000
45.2919	937.0000
45.3123	938.0000
45.3328	910.0000
45.3532	990.0000
45.3737	908.0000
45.3942	911.0000
45.4146	944.0000
45.4351	973.0000
45.4556	876.0000
45.4760	955.0000
45.4965	876.0000
45.5169	919.0000
45.5374	950.0000
45.5579	917.0000
45.5783	926.0000
45.5988	929.0000
45.6193	965.0000
45.6397	886.0000
45.6602	952.0000
45.6806	948.0000
45.7011	960.0000
45.7216	921.0000
45.7420	914.0000
45.7625	914.0000
45.7830	950.0000
45.8034	964.0000
45.8239	950.0000
45.8443	879.0000
45.8648	958.0000
45.8853	955.0000
45.9057	969.0000
45.9262	941.0000
45.9467	929.0000
45.9671	934.0000
45.9876	944.0000
46.0080	982.0000
46.0285	910.0000
46.0490	995.0000
46.0694	959.0000
46.0899	930.0000
46.1104	995.0000
46.1308	942.0000
46.1513	969.0000
46.1718	915.0000
46.1922	958.0000
46.2127	1000.0000
46.2331	971.0000
46.2536	968.0000
46.2741	1010.0000
46.2945	1004.0000
46.3150	942.0000
46.3355	995.0000
46.3559	1008.0000
46.3764	1032.0000
46.3968	1086.0000
46.4173	1138.0000
46.4378	1114.0000
46.4582	1104.0000
46.4787	1163.0000
46.4992	1211.0000
46.5196	1254.0000
46.5401	1226.0000
46.5605	1187.0000
46.5810	1340.0000
46.6015	1275.0000
46.6219	1404.0000
46.6424	1440.0000
46.6629	1423.0000
46.6833	1540.0000
46.7038	1506.0000
46.7242	1622.0000
46.7447	1693.0000
46.7652	1835.0000
46.7856	1942.0000
46.8061	2093.0000
46.8266	2320.0000
46.8470	2603.0000
46.8675	2781.0000
46.8879	2930.0000
46.9084	3278.0000
46.9289	3452.0000
46.9493	3828.0000
46.9698	4152.0000
46.9903	4365.0000
47.0107	4483.0000
47.0312	4594.0000
47.0516	4340.0000
47.0721	3833.0000
47.0926	3327.0000
47.1130	3002.0000
47.1335	2884.0000
47.1540	2615.0000
47.1744	2349.0000
47.1949	2092.0000
47.2153	1689.0000
47.2358	1503.0000
47.2563	1302.0000
47.2767	1272.0000
47.2972	1166.0000
47.3177	1073.0000
47.3381	1063.0000
47.3586	1049.0000
47.3790	1057.0000
47.3995	1027.0000
47.4200	969.0000
47.4404	1057.0000
47.4609	1040.0000
47.4814	1005.0000
47.5018	983.0000
47.5223	922.0000
47.5427	942.0000
47.5632	951.0000
47.5837	987.0000
47.6041	925.0000
47.6246	912.0000
47.6451	960.0000
47.6655	947.0000
47.6860	936.0000
47.7065	997.0000
47.7269	887.0000
47.7474	923.0000
47.7678	932.0000
47.7883	959.0000
47.8088	955.0000
47.8292	891.0000
47.8497	933.0000
47.8702	988.0000
47.8906	972.0000
47.9111	972.0000
47.9315	938.0000
47.9520	965.0000
47.9725	953.0000
47.9929	943.0000
48.0134	910.0000
48.0339	943.0000
48.0543	933.0000
48.0748	895.0000
48.0952	950.0000
48.1157	900.0000
48.1362	934.0000
48.1566	964.0000
48.1771	959.0000
48.1976	877.0000
48.2180	911.0000
48.2385	939.0000
48.2589	899.0000
48.2794	938.0000
48.2999	910.0000
48.3203	941.0000
48.3408	922.0000
48.3613	921.0000
48.3817	902.0000
48.4022	964.0000
48.4226	932.0000
48.4431	885.0000
48.4636	963.0000
48.4840	932.0000
48.5045	947.0000
48.5250	963.0000
48.5454	962.0000
48.5659	965.0000
48.5863	912.0000
48.6068	930.0000
48.6273	934.0000
48.6477	954.0000
48.6682	957.0000
48.6887	960.0000
48.7091	891.0000
48.7296	971.0000
48.7500	940.0000
48.7705	979.0000
48.7910	947.0000
48.8114	932.0000
48.8319	945.0000
48.8524	941.0000
48.8728	937.0000
48.8933	894.0000
48.9137	963.0000
48.9342	963.0000
48.9547	901.0000
48.9751	954.0000
48.9956	967.0000
49.0161	948.0000
49.0365	971.0000
49.0570	945.0000
49.0774	941.0000
49.0979	944.0000
49.1184	955.0000
49.1388	943.0000
49.1593	894.0000
49.1798	962.0000
49.2002	883.0000
49.2207	918.0000
49.2412	931.0000
49.2616	916.0000
49.2821	911.0000
49.3025	979.0000
49.3230	919.0000
49.3435	983.0000
49.3639	980.0000
49.3844	978.0000
49.4049	916.0000
49.4253	1013.0000
49.4458	958.0000
49.4662	892.0000
49.4867	958.0000
49.5072	940.0000
49.5276	964.0000
49.5481	952.0000
49.5686	916.0000
49.5890	955.0000
49.6095	945.0000
49.6299	935.0000
49.6504	940.0000
49.6709	984.0000
49.6913	926.0000
49.7118	969.0000
49.7323	942.0000
49.7527	937.0000
49.7732	956.0000
49.7936	929.0000
49.8141	948.0000
49.8346	937.0000
49.8550	922.0000
49.8755	914.0000
49.8960	891.0000
49.9164	831.0000
49.9369	890.0000
49.9573	932.0000
49.9778	984.0000
49.9983	924.0000
50.0187	946.0000
50.0392	902.0000
50.0597	934.0000
50.0801	905.0000
50.1006	916.0000
50.1210	935.0000
50.1415	903.0000
50.1620	942.0000
50.1824	920.0000
50.2029	938.0000
50.2234	936.0000
50.2438	963.0000
50.2643	917.0000
50.2847	964.0000
50.3052	957.0000
50.3257	940.0000
50.3461	922.0000
50.3666	977.0000
50.3871	928.0000
50.4075	938.0000
50.4280	964.0000
50.4484	979.0000
50.4689	931.0000
50.4894	961.0000
50.5098	958.0000
50.5303	942.0000
50.5508	966.0000
50.5712	931.0000
50.5917	929.0000
50.6121	936.0000
50.6326	921.0000
50.6531	917.0000
50.6735	932.0000
50.6940	971.0000
50.7145	988.0000
50.7349	911.0000
50.7554	939.0000
50.7759	1012.0000
50.7963	896.0000
50.8168	963.0000
50.8372	1008.0000
50.8577	963.0000
50.8782	980.0000
50.8986	990.0000
50.9191	957.0000
50.9396	937.0000
50.9600	955.0000
50.9805	978.0000
51.0009	947.0000
51.0214	960.0000
51.0419	1001.0000
51.0623	975.0000
51.0828	930.0000
51.1033	925.0000
51.1237	952.0000
51.1442	969.0000
51.1646	985.0000
51.1851	989.0000
51.2056	963.0000
51.2260	922.0000
51.2465	953.0000
51.2670	941.0000
51.2874	951.0000
51.3079	925.0000
51.3283	935.0000
51.3488	921.0000
51.3693	903.0000
51.3897	983.0000
51.4102	941.0000
51.4307	966.0000
51.4511	900.0000
51.4716	908.0000
51.4920	957.0000
51.5125	932.0000
51.5330	942.0000
51.5534	994.0000
51.5739	931.0000
51.5944	968.0000
51.6148	980.0000
51.6353	934.0000
51.6557	959.0000
51.6762	947.0000
51.6967	978.0000
51.7171	942.0000
51.7376	930.0000
51.7581	927.0000
51.7785	971.0000
51.7990	989.0000
51.8194	916.0000
51.8399	926.0000
51.8604	983.0000
51.8808	958.0000
51.9013	969.0000
51.9218	985.0000
51.9422	939.0000
51.9627	944.0000
51.9831	902.0000
52.0036	893.0000
52.0241	935.0000
52.0445	883.0000
52.0650	935.0000
52.0855	1015.0000
52.1059	987.0000
52.1264	969.0000
52.1468	997.0000
52.1673	939.0000
52.1878	971.0000
52.2082	949.0000
52.2287	929.0000
52.2492	972.0000
52.2696	959.0000
52.2901	907.0000
52.3106	1012.0000
52.3310	953.0000
52.3515	977.0000
52.3719	1000.0000
52.3924	957.0000
52.4129	996.0000
52.4333	900.0000
52.4538	996.0000
52.4743	1009.0000
52.4947	1005.0000
52.5152	1033.0000
52.5356	927.0000
52.5561	994.0000
52.5766	952.0000
52.5970	1037.0000
52.6175	972.0000
52.6380	1037.0000
52.6584	1029.0000
52.6789	1020.0000
52.6993	1050.0000
52.7198	1074.0000
52.7403	1045.0000
52.7607	1060.0000
52.7812	1082.0000
52.8017	1123.0000
52.8221	1129.0000
52.8426	1109.0000
52.8630	1139.0000
52.8835	1087.0000
52.9040	1152.0000
52.9244	1147.0000
52.9449	1188.0000
52.9654	1189.0000
52.9858	1084.0000
53.0063	1126.0000
53.0267	1082.0000
53.0472	1102.0000
53.0677	1041.0000
53.0881	1062.0000
53.1086	1066.0000
53.1291	1025.0000
53.1495	1008.0000
53.1700	1021.0000
53.1904	934.0000
53.2109	990.0000
53.2314	978.0000
53.2518	983.0000
53.2723	902.0000
53.2928	916.0000
53.3132	954.0000
53.3337	978.0000
53.3541	975.0000
53.3746	960.0000
53.3951	951.0000
53.4155	885.0000
53.4360	1003.0000
53.4565	975.0000
53.4769	950.0000
53.4974	929.0000
53.5178	903.0000
53.5383	957.0000
53.5588	980.0000
53.5792	980.0000
53.5997	961.0000
53.6202	935.0000
53.6406	983.0000
53.6611	933.0000
53.6815	979.0000
53.7020	996.0000
53.7225	951.0000
53.7429	963.0000
53.7634	930.0000
53.7839	1010.0000
53.8043	1001.0000
53.8248	954.0000
53.8453	964.0000
53.8657	936.0000
53.8862	973.0000
53.9066	973.0000
53.9271	925.0000
53.9476	920.0000
53.9680	949.0000
53.9885	997.0000
54.0090	1030.0000
54.0294	947.0000
54.0499	986.0000
54.0703	903.0000
54.0908	953.0000
54.1113	947.0000
54.1317	961.0000
54.1522	984.0000
54.1727	948.0000
54.1931	936.0000
54.2136	983.0000
54.2340	944.0000
54.2545	980.0000
54.2750	1006.0000
54.2954	938.0000
54.3159	933.0000
54.3364	1020.0000
54.3568	998.0000
54.3773	877.0000
54.3977	943.0000
54.4182	931.0000
54.4387	989.0000
54.4591	982.0000
54.4796	969.0000
54.5001	986.0000
54.5205	924.0000
54.5410	946.0000
54.5614	945.0000
54.5819	944.0000
54.6024	981.0000
54.6228	974.0000
54.6433	981.0000
54.6638	965.0000
54.6842	1001.0000
54.7047	926.0000
54.7251	969.0000
54.7456	963.0000
54.7661	946.0000
54.7865	1005.0000
54.8070	944.0000
54.8275	968.0000
54.8479	916.0000
54.8684	914.0000
54.8888	959.0000
54.9093	991.0000
54.9298	992.0000
54.9502	929.0000
54.9707	958.0000
54.9912	973.0000
55.0116	944.0000
55.0321	936.0000
55.0525	925.0000
55.0730	934.0000
55.0935	959.0000
55.1139	980.0000
55.1344	938.0000
55.1549	927.0000
55.1753	951.0000
55.1958	980.0000
55.2162	994.0000
55.2367	920.0000
55.2572	942.0000
55.2776	971.0000
55.2981	974.0000
55.3186	932.0000
55.3390	1026.0000
55.3595	1027.0000
55.3800	1034.0000
55.4004	936.0000
55.4209	937.0000
55.4413	975.0000
55.4618	960.0000
55.4823	944.0000
55.5027	952.0000
55.5232	959.0000
55.5437	1011.0000
55.5641	984.0000
55.5846	965.0000
55.6050	979.0000
55.6255	935.0000
55.6460	1011.0000
55.6664	923.0000
55.6869	942.0000
55.7074	889.0000
55.7278	932.0000
55.7483	968.0000
55.7687	949.0000
55.7892	956.0000
55.8097	981.0000
55.8301	992.0000
55.8506	976.0000
55.8711	981.0000
55.8915	986.0000
55.9120	966.0000
55.9324	953.0000
55.9529	1045.0000
55.9734	990.0000
55.9938	979.0000
56.0143	962.0000
56.0348	947.0000
56.0552	970.0000
56.0757	932.0000
56.0961	991.0000
56.1166	973.0000
56.1371	993.0000
56.1575	963.0000
56.1780	956.0000
56.1985	970.0000
56.2189	969.0000
56.2394	1015.0000
56.2598	1007.0000
56.2803	986.0000
56.3008	966.0000
56.3212	1035.0000
56.3417	1003.0000
56.3622	961.0000
56.3826	993.0000
56.4031	955.0000
56.4235	957.0000
56.4440	982.0000
56.4645	961.0000
56.4849	995.0000
56.5054	1012.0000
56.5259	1009.0000
56.5463	987.0000
56.5668	1014.0000
56.5872	980.0000
56.6077	1035.0000
56.6282	951.0000
56.6486	964.0000
56.6691	1038.0000
56.6896	956.0000
56.7100	948.0000
56.7305	1004.0000
56.7509	963.0000
56.7714	956.0000
56.7919	1036.0000
56.8123	1007.0000
56.8328	1020.0000
56.8533	993.0000
56.8737	966.0000
56.8942	973.0000
56.9147	979.0000
56.9351	991.0000
56.9556	1018.0000
56.9760	1027.0000
56.9965	943.0000
57.0170	967.0000
57.0374	1003.0000
57.0579	1021.0000
57.0784	1020.0000
57.0988	989.0000
57.1193	990.0000
57.1397	964.0000
57.1602	953.0000
57.1807	991.0000
57.2011	1031.0000
57.2216	996.0000
57.2421	1006.0000
57.2625	1004.0000
57.2830	978.0000
57.3034	993.0000
57.3239	1024.0000
57.3444	1023.0000
57.3648	988.0000
57.3853	976.0000
57.4058	1020.0000
57.4262	1047.0000
57.4467	988.0000
57.4671	1033.0000
57.4876	1014.0000
57.5081	1053.0000
57.5285	1025.0000
57.5490	1082.0000
57.5695	1100.0000
57.5899	1115.0000
57.6104	1086.0000
57.6308	1086.0000
57.6513	1143.0000
57.6718	1097.0000
57.6922	1117.0000
57.7127	1165.0000
57.7332	1198.0000
57.7536	1162.0000
57.7741	1193.0000
57.7945	1207.0000
57.8150	1206.0000
57.8355	1258.0000
57.8559	1303.0000
57.8764	1275.0000
57.8969	1273.0000
57.9173	1337.0000
57.9378	1451.0000
57.9582	1323.0000
57.9787	1415.0000
57.9992	1407.0000
58.0196	1509.0000
58.0401	1561.0000
58.0606	1564.0000
58.0810	1637.0000
58.1015	1685.0000
58.1219	1748.0000
58.1424	2005.0000
58.1629	1963.0000
58.1833	2041.0000
58.2038	2204.0000
58.2243	2235.0000
58.2447	2438.0000
58.2652	2565.0000
58.2856	2737.0000
58.3061	2914.0000
58.3266	3040.0000
58.3470	3227.0000
58.3675	3399.0000
58.3880	3601.0000
58.4084	3835.0000
58.4289	4074.0000
58.4494	4243.0000
58.4698	4281.0000
58.4903	4303.0000
58.5107	3802.0000
58.5312	3328.0000
58.5517	3065.0000
58.5721	2839.0000
58.5926	2745.0000
58.6131	2556.0000
58.6335	2499.0000
58.6540	2284.0000
58.6744	2037.0000
58.6949	1724.0000
58.7154	1509.0000
58.7358	1331.0000
58.7563	1265.0000
58.7768	1140.0000
58.7972	1170.0000
58.8177	1113.0000
58.8381	1098.0000
58.8586	1071.0000
58.8791	1111.0000
58.8995	1170.0000
58.9200	1017.0000
58.9405	1066.0000
58.9609	1007.0000
58.9814	1024.0000
59.0018	1021.0000
59.0223	978.0000
59.0428	1037.0000
59.0632	996.0000
59.0837	1005.0000
59.1042	985.0000
59.1246	1052.0000
59.1451	973.0000
59.1655	1035.0000
59.1860	992.0000
59.2065	1033.0000
59.2269	955.0000
59.2474	952.0000
59.2679	975.0000
59.2883	967.0000
59.3088	927.0000
59.3292	993.0000
59.3497	1004.0000
59.3702	957.0000
59.3906	972.0000
59.4111	1014.0000
59.4316	1020.0000
59.4520	977.0000
59.4725	969.0000
59.4929	1013.0000
59.5134	1034.0000
59.5339	1046.0000
59.5543	1033.0000
59.5748	974.0000
59.5953	956.0000
59.6157	977.0000
59.6362	917.0000
59.6566	1011.0000
59.6771	981.0000
59.6976	1004.0000
59.7180	971.0000
59.7385	979.0000
59.7590	986.0000
59.7794	942.0000
59.7999	997.0000
59.8203	925.0000
59.8408	1004.0000
59.8613	972.0000
59.8817	953.0000
59.9022	975.0000
59.9227	944.0000
59.9431	1005.0000
59.9636	990.0000
59.9841	1019.0000
60.0045	971.0000
60.0250	1017.0000
60.0454	970.0000
60.0659	999.0000
60.0864	961.0000
60.1068	1057.0000
60.1273	1004.0000
60.1478	967.0000
60.1682	993.0000
60.1887	989.0000
60.2091	1039.0000
60.2296	1043.0000
60.2501	992.0000
60.2705	1008.0000
60.2910	940.0000
60.3115	958.0000
60.3319	967.0000
60.3524	960.0000
60.3728	944.0000
60.3933	990.0000
60.4138	955.0000
60.4342	994.0000
60.4547	973.0000
60.4752	1019.0000
60.4956	991.0000
60.5161	995.0000
60.5365	952.0000
60.5570	943.0000
60.5775	991.0000
60.5979	949.0000
60.6184	957.0000
60.6389	917.0000
60.6593	948.0000
60.6798	993.0000
60.7002	950.0000
60.7207	963.0000
60.7412	992.0000
60.7616	1001.0000
60.7821	961.0000
60.8026	926.0000
60.8230	1005.0000
60.8435	957.0000
60.8639	923.0000
60.8844	944.0000
60.9049	955.0000
60.9253	980.0000
60.9458	1027.0000
60.9663	997.0000
60.9867	958.0000
61.0072	942.0000
61.0276	929.0000
61.0481	975.0000
61.0686	961.0000
61.0890	985.0000
61.1095	975.0000
61.1300	1001.0000
61.1504	959.0000
61.1709	1048.0000
61.1913	964.0000
61.2118	982.0000
61.2323	979.0000
61.2527	994.0000
61.2732	936.0000
61.2937	946.0000
61.3141	986.0000
61.3346	896.0000
61.3550	972.0000
61.3755	934.0000
61.3960	997.0000
61.4164	964.0000
61.4369	959.0000
61.4574	937.0000
61.4778	959.0000
61.4983	947.0000
61.5188	992.0000
61.5392	953.0000
61.5597	961.0000
61.5801	965.0000
61.6006	947.0000
61.6211	984.0000
61.6415	968.0000
61.6620	1044.0000
61.6825	984.0000
61.7029	1000.0000
61.7234	924.0000
61.7438	938.0000
61.7643	985.0000
61.7848	971.0000
61.8052	979.0000
61.8257	916.0000
61.8462	990.0000
61.8666	990.0000
61.8871	1064.0000
61.9075	964.0000
61.9280	972.0000
61.9485	986.0000
61.9689	960.0000
61.9894	979.0000
62.0099	984.0000
62.0303	968.0000
62.0508	977.0000
62.0712	986.0000
62.0917	936.0000
62.1122	954.0000
62.1326	1002.0000
62.1531	1024.0000
62.1736	945.0000
62.1940	957.0000
62.2145	967.0000
62.2349	933.0000
62.2554	984.0000
62.2759	954.0000
62.2963	962.0000
62.3168	1024.0000
62.3373	947.0000
62.3577	984.0000
62.3782	969.0000
62.3986	977.0000
62.4191	986.0000
62.4396	971.0000
62.4600	987.0000
62.4805	992.0000
62.5010	1016.0000
62.5214	969.0000
62.5419	995.0000
62.5623	945.0000
62.5828	968.0000
62.6033	965.0000
62.6237	1014.0000
62.6442	1021.0000
62.6647	1005.0000
62.6851	980.0000
62.7056	946.0000
62.7260	983.0000
62.7465	960.0000
62.7670	1007.0000
62.7874	1046.0000
62.8079	980.0000
62.8284	966.0000
62.8488	970.0000
62.8693	915.0000
62.8897	926.0000
62.9102	1003.0000
62.9307	970.0000
62.9511	944.0000
62.9716	981.0000
62.9921	985.0000
63.0125	973.0000
63.0330	1023.0000
63.0535	1015.0000
63.0739	939.0000
63.0944	1009.0000
63.1148	920.0000
63.1353	1016.0000
63.1558	952.0000
63.1762	996.0000
63.1967	1014.0000
63.2172	1015.0000
63.2376	999.0000
63.2581	977.0000
63.2785	1010.0000
63.2990	982.0000
63.3195	1056.0000
63.3399	1024.0000
63.3604	994.0000
63.3809	958.0000
63.4013	966.0000
63.4218	1004.0000
63.4422	970.0000
63.4627	928.0000
63.4832	1066.0000
63.5036	1059.0000
63.5241	1042.0000
63.5446	958.0000
63.5650	928.0000
63.5855	976.0000
63.6059	1020.0000
63.6264	979.0000
63.6469	969.0000
63.6673	1001.0000
63.6878	935.0000
63.7083	965.0000
63.7287	1021.0000
63.7492	985.0000
63.7696	983.0000
63.7901	994.0000
63.8106	981.0000
63.8310	1015.0000
63.8515	1038.0000
63.8720	950.0000
63.8924	959.0000
63.9129	942.0000
63.9333	984.0000
63.9538	1033.0000
63.9743	953.0000
63.9947	935.0000
64.0152	998.0000
64.0357	987.0000
64.0561	1005.0000
64.0766	988.0000
64.0970	1008.0000
64.1175	1004.0000
64.1380	993.0000
64.1584	996.0000
64.1789	970.0000
64.1994	969.0000
64.2198	981.0000
64.2403	995.0000
64.2607	918.0000
64.2812	1000.0000
64.3017	969.0000
64.3221	981.0000
64.3426	997.0000
64.3631	982.0000
64.3835	958.0000
64.4040	965.0000
64.4244	952.0000
64.4449	990.0000
64.4654	986.0000
64.4858	982.0000
64.5063	970.0000
64.5268	1002.0000
64.5472	998.0000
64.5677	1000.0000
64.5882	980.0000
64.6086	949.0000
64.6291	919.0000
64.6495	1021.0000
64.6700	944.0000
64.6905	981.0000
64.7109	944.0000
64.7314	1010.0000
64.7519	913.0000
64.7723	992.0000
64.7928	978.0000
64.8132	974.0000
64.8337	1023.0000
64.8542	962.0000
64.8746	949.0000
64.8951	999.0000
64.9156	975.0000
64.9360	1018.0000
64.9565	1005.0000
64.9769	960.0000
64.9974	1001.0000
65.0179	939.0000
65.0383	928.0000
65.0588	990.0000
65.0793	1041.0000
65.0997	984.0000
65.1202	990.0000
65.1406	961.0000
65.1611	1013.0000
65.1816	988.0000
65.2020	974.0000
65.2225	1058.0000
65.2430	1006.0000
65.2634	1009.0000
65.2839	980.0000
65.3043	1009.0000
65.3248	998.0000
65.3453	935.0000
65.3657	902.0000
65.3862	1004.0000
65.4067	1021.0000
65.4271	935.0000
65.4476	990.0000
65.4680	944.0000
65.4885	1000.0000
65.5090	950.0000
65.5294	1026.0000
65.5499	1004.0000
65.5704	956.0000
65.5908	973.0000
65.6113	967.0000
65.6317	1038.0000
65.6522	971.0000
65.6727	978.0000
65.6931	951.0000
65.7136	987.0000
65.7341	970.0000
65.7545	1037.0000
65.7750	978.0000
65.7954	983.0000
65.8159	938.0000
65.8364	968.0000
65.8568	1035.0000
65.8773	962.0000
65.8978	1006.0000
65.9182	1018.0000
65.9387	987.0000
65.9591	967.0000
65.9796	994.0000
66.0001	998.0000
66.0205	1059.0000
66.0410	1055.0000
66.0615	1013.0000
66.0819	944.0000
66.1024	980.0000
66.1229	940.0000
66.1433	940.0000
66.1638	1000.0000
66.1842	1018.0000
66.2047	1002.0000
66.2252	994.0000
66.2456	981.0000
66.2661	1039.0000
66.2866	990.0000
66.3070	1039.0000
66.3275	954.0000
66.3479	1021.0000
66.3684	992.0000
66.3889	1021.0000
66.4093	983.0000
66.4298	1012.0000
66.4503	1008.0000
66.4707	1006.0000
66.4912	980.0000
66.5116	992.0000
66.5321	1016.0000
66.5526	952.0000
66.5730	1009.0000
66.5935	999.0000
66.6140	1018.0000
66.6344	933.0000
66.6549	963.0000
66.6753	973.0000
66.6958	1031.0000
66.7163	982.0000
66.7367	1014.0000
66.7572	957.0000
66.7777	969.0000
66.7981	978.0000
66.8186	983.0000
66.8390	981.0000
66.8595	983.0000
66.8800	991.0000
66.9004	986.0000
66.9209	1053.0000
66.9414	1034.0000
66.9618	936.0000
66.9823	978.0000
67.0027	1042.0000
67.0232	968.0000
67.0437	1001.0000
67.0641	1015.0000
67.0846	1004.0000
67.1051	993.0000
67.1255	960.0000
67.1460	1049.0000
67.1664	1091.0000
67.1869	1059.0000
67.2074	1005.0000
67.2278	945.0000
67.2483	985.0000
67.2688	1036.0000
67.2892	992.0000
67.3097	1003.0000
67.3301	1055.0000
67.3506	960.0000
67.3711	969.0000
67.3915	976.0000
67.4120	1002.0000
67.4325	999.0000
67.4529	1051.0000
67.4734	1047.0000
67.4938	1004.0000
67.5143	1058.0000
67.5348	994.0000
67.5552	982.0000
67.5757	982.0000
67.5962	1019.0000
67.6166	1030.0000
67.6371	1115.0000
67.6576	1086.0000
67.6780	1070.0000
67.6985	1049.0000
67.7189	1050.0000
67.7394	1012.0000
67.7599	1083.0000
67.7803	1118.0000
67.8008	1084.0000
67.8213	1089.0000
67.8417	1078.0000
67.8622	1061.0000
67.8826	1145.0000
67.9031	1115.0000
67.9236	1134.0000
67.9440	1160.0000
67.9645	1077.0000
67.9850	1176.0000
68.0054	1149.0000
68.0259	1118.0000
68.0463	1175.0000
68.0668	1160.0000
68.0873	1182.0000
68.1077	1168.0000
68.1282	1218.0000
68.1487	1249.0000
68.1691	1305.0000
68.1896	1254.0000
68.2100	1283.0000
68.2305	1370.0000
68.2510	1370.0000
68.2714	1449.0000
68.2919	1447.0000
68.3124	1463.0000
68.3328	1494.0000
68.3533	1579.0000
68.3737	1632.0000
68.3942	1687.0000
68.4147	1693.0000
68.4351	1886.0000
68.4556	1903.0000
68.4761	1901.0000
68.4965	2091.0000
68.5170	2186.0000
68.5374	2227.0000
68.5579	2367.0000
68.5784	2409.0000
68.5988	2388.0000
68.6193	2517.0000
68.6398	2541.0000
68.6602	2384.0000
68.6807	2235.0000
68.7011	2109.0000
68.7216	1931.0000
68.7421	1836.0000
68.7625	1763.0000
68.7830	1740.0000
68.8035	1719.0000
68.8239	1698.0000
68.8444	1597.0000
68.8648	1513.0000
68.8853	1479.0000
68.9058	1335.0000
68.9262	1227.0000
68.9467	1158.0000
68.9672	1116.0000
68.9876	1124.0000
69.0081	1027.0000
69.0285	1127.0000
69.0490	1063.0000
69.0695	1044.0000
69.0899	996.0000
69.1104	1077.0000
69.1309	973.0000
69.1513	1066.0000
69.1718	1055.0000
69.1923	1011.0000
69.2127	972.0000
69.2332	1015.0000
69.2536	1028.0000
69.2741	986.0000
69.2946	1066.0000
69.3150	1029.0000
69.3355	1058.0000
69.3560	1040.0000
69.3764	957.0000
69.3969	1010.0000
69.4173	1067.0000
69.4378	980.0000
69.4583	1008.0000
69.4787	1016.0000
69.4992	1001.0000
69.5197	1094.0000
69.5401	968.0000
69.5606	973.0000
69.5810	1015.0000
69.6015	996.0000
69.6220	1007.0000
69.6424	1058.0000
69.6629	1001.0000
69.6834	1000.0000
69.7038	976.0000
69.7243	1058.0000
69.7447	1026.0000
69.7652	1033.0000
69.7857	1011.0000
69.8061	1047.0000
69.8266	1027.0000
69.8471	942.0000
69.8675	966.0000
69.8880	993.0000
69.9084	957.0000
69.9289	983.0000
69.9494	1048.0000
69.9698	992.0000
69.9903	978.0000
70.0108	1000.0000
70.0312	991.0000
70.0517	1052.0000
70.0721	1009.0000
70.0926	1015.0000
70.1131	953.0000
70.1335	970.0000
70.1540	1025.0000
70.1745	988.0000
70.1949	980.0000
70.2154	997.0000
70.2358	1016.0000
70.2563	927.0000
70.2768	973.0000
70.2972	1061.0000
70.3177	951.0000
70.3382	1052.0000
70.3586	1005.0000
70.3791	1009.0000
70.3995	947.0000
70.4200	1004.0000
70.4405	936.0000
70.4609	994.0000
70.4814	957.0000
70.5019	1041.0000
70.5223	968.0000
70.5428	1019.0000
70.5632	977.0000
70.5837	993.0000
70.6042	944.0000
70.6246	1018.0000
70.6451	989.0000
70.6656	955.0000
70.6860	1000.0000
70.7065	949.0000
70.7270	966.0000
70.7474	995.0000
70.7679	996.0000
70.7883	966.0000
70.8088	1000.0000
70.8293	1015.0000
70.8497	984.0000
70.8702	1028.0000
70.8907	993.0000
70.9111	1017.0000
70.9316	999.0000
70.9520	1021.0000
70.9725	934.0000
70.9930	965.0000
71.0134	1002.0000
71.0339	991.0000
71.0544	973.0000
71.0748	958.0000
71.0953	1018.0000
71.1157	962.0000
71.1362	955.0000
71.1567	1039.0000
71.1771	928.0000
71.1976	971.0000
71.2181	941.0000
71.2385	999.0000
71.2590	924.0000
71.2794	992.0000
71.2999	968.0000
71.3204	929.0000
71.3408	935.0000
71.3613	1033.0000
71.3818	1081.0000
71.4022	1006.0000
71.4227	1030.0000
71.4431	989.0000
71.4636	1003.0000
71.4841	1001.0000
71.5045	1004.0000
71.5250	994.0000
71.5455	1007.0000
71.5659	967.0000
71.5864	979.0000
71.6068	1023.0000
71.6273	1053.0000
71.6478	1003.0000
71.6682	1022.0000
71.6887	934.0000
71.7092	960.0000
71.7296	976.0000
71.7501	1006.0000
71.7705	980.0000
71.7910	958.0000
71.8115	998.0000
71.8319	1035.0000
71.8524	987.0000
71.8729	1016.0000
71.8933	981.0000
71.9138	946.0000
71.9342	1007.0000
71.9547	1010.0000
71.9752	1024.0000
71.9956	1035.0000
72.0161	1015.0000
72.0366	1017.0000
72.0570	995.0000
72.0775	1008.0000
72.0979	987.0000
72.1184	1015.0000
72.1389	992.0000
72.1593	1026.0000
72.1798	992.0000
72.2003	986.0000
72.2207	963.0000
72.2412	999.0000
72.2617	1006.0000
72.2821	983.0000
72.3026	987.0000
72.3230	1091.0000
72.3435	1026.0000
72.3640	976.0000
72.3844	1007.0000
72.4049	1044.0000
72.4254	1044.0000
72.4458	1006.0000
72.4663	1061.0000
72.4867	1051.0000
72.5072	1016.0000
72.5277	941.0000
72.5481	1008.0000
72.5686	1022.0000
72.5891	1036.0000
72.6095	1015.0000
72.6300	991.0000
72.6504	1067.0000
72.6709	997.0000
72.6914	1069.0000
72.7118	966.0000
72.7323	1029.0000
72.7528	957.0000
72.7732	994.0000
72.7937	1015.0000
72.8141	1041.0000
72.8346	977.0000
72.8551	1006.0000
72.8755	1035.0000
72.8960	1032.0000
72.9165	1060.0000
72.9369	1070.0000
72.9574	1045.0000
72.9778	1038.0000
72.9983	1014.0000
73.0188	1055.0000
73.0392	1077.0000
73.0597	1031.0000
73.0802	973.0000
73.1006	1064.0000
73.1211	1048.0000
73.1415	1061.0000
73.1620	1033.0000
73.1825	1006.0000
73.2029	1098.0000
73.2234	1048.0000
73.2439	1144.0000
73.2643	1070.0000
73.2848	1086.0000
73.3052	1109.0000
73.3257	1113.0000
73.3462	1103.0000
73.3666	1096.0000
73.3871	1136.0000
73.4076	1092.0000
73.4280	1118.0000
73.4485	1066.0000
73.4689	1021.0000
73.4894	1123.0000
73.5099	1061.0000
73.5303	1063.0000
73.5508	1112.0000
73.5713	1016.0000
73.5917	1023.0000
73.6122	1045.0000
73.6326	1000.0000
73.6531	1061.0000
73.6736	1048.0000
73.6940	1010.0000
73.7145	1048.0000
73.7350	1016.0000
73.7554	1002.0000
73.7759	985.0000
73.7964	1013.0000
73.8168	997.0000
73.8373	1054.0000
73.8577	997.0000
73.8782	951.0000
73.8987	1046.0000
73.9191	1029.0000
73.9396	965.0000
73.9601	976.0000
73.9805	1041.0000
74.0010	972.0000
74.0214	1011.0000
74.0419	984.0000
74.0624	1016.0000
74.0828	1022.0000
74.1033	980.0000
74.1238	1018.0000
74.1442	1013.0000
74.1647	1009.0000
74.1851	937.0000
74.2056	1059.0000
74.2261	1034.0000
74.2465	1020.0000
74.2670	1000.0000
74.2875	1013.0000
74.3079	1012.0000
74.3284	921.0000
74.3488	1041.0000
74.3693	1014.0000
74.3898	998.0000
74.4102	966.0000
74.4307	1026.0000
74.4512	985.0000
74.4716	972.0000
74.4921	1028.0000
74.5125	963.0000
74.5330	958.0000
74.5535	962.0000
74.5739	1025.0000
74.5944	979.0000
74.6149	1027.0000
74.6353	979.0000
74.6558	1000.0000
74.6762	1019.0000
74.6967	1016.0000
74.7172	972.0000
74.7376	984.0000
74.7581	986.0000
74.7786	1011.0000
74.7990	1009.0000
74.8195	1050.0000
74.8399	999.0000
74.8604	975.0000
74.8809	998.0000
74.9013	1037.0000
74.9218	1068.0000
74.9423	950.0000
74.9627	1004.0000
74.9832	1026.0000
75.0036	1077.0000
75.0241	987.0000
75.0446	953.0000
75.0650	1000.0000
75.0855	1045.0000
75.1060	1034.0000
75.1264	973.0000
75.1469	989.0000
75.1673	1014.0000
75.1878	1032.0000
75.2083	1020.0000
75.2287	981.0000
75.2492	1034.0000
75.2697	1059.0000
75.2901	1012.0000
75.3106	1017.0000
75.3311	1033.0000
75.3515	1044.0000
75.3720	1054.0000
75.3924	1023.0000
75.4129	1015.0000
75.4334	1045.0000
75.4538	1035.0000
75.4743	1013.0000
75.4948	1036.0000
75.5152	1045.0000
75.5357	1017.0000
75.5561	962.0000
75.5766	1030.0000
75.5971	984.0000
75.6175	988.0000
75.6380	1037.0000
75.6585	1016.0000
75.6789	1006.0000
75.6994	966.0000
75.7198	1020.0000
75.7403	1037.0000
75.7608	965.0000
75.7812	955.0000
75.8017	1015.0000
75.8222	1017.0000
75.8426	1047.0000
75.8631	1025.0000
75.8835	981.0000
75.9040	935.0000
75.9245	1041.0000
75.9449	1001.0000
75.9654	975.0000
75.9859	1033.0000
76.0063	1006.0000
76.0268	940.0000
76.0472	991.0000
76.0677	980.0000
76.0882	1016.0000
76.1086	1001.0000
76.1291	1011.0000
76.1496	956.0000
76.1700	1037.0000
76.1905	1008.0000
76.2109	1020.0000
76.2314	1052.0000
76.2519	966.0000
76.2723	1017.0000
76.2928	1011.0000
76.3133	981.0000
76.3337	1011.0000
76.3542	1030.0000
76.3746	970.0000
76.3951	940.0000
76.4156	970.0000
76.4360	1033.0000
76.4565	1007.0000
76.4770	1000.0000
76.4974	995.0000
76.5179	927.0000
76.5383	1028.0000
76.5588	1048.0000
76.5793	1052.0000
76.5997	969.0000
76.6202	976.0000
76.6407	999.0000
76.6611	999.0000
76.6816	1017.0000
76.7020	998.0000
76.7225	1030.0000
76.7430	1015.0000
76.7634	1041.0000
76.7839	1024.0000
76.8044	982.0000
76.8248	977.0000
76.8453	1010.0000
76.8658	1003.0000
76.8862	1007.0000
76.9067	996.0000
76.9271	1045.0000
76.9476	1025.0000
76.9681	1034.0000
76.9885	1032.0000
77.0090	1062.0000
77.0295	1012.0000
77.0499	1016.0000
77.0704	1054.0000
77.0908	1107.0000
77.1113	1123.0000
77.1318	1078.0000
77.1522	1104.0000
77.1727	1076.0000
77.1932	1092.0000
77.2136	1079.0000
77.2341	1074.0000
77.2545	1031.0000
77.2750	1079.0000
77.2955	1125.0000
77.3159	1146.0000
77.3364	1053.0000
77.3569	1109.0000
77.3773	1114.0000
77.3978	1136.0000
77.4182	1127.0000
77.4387	1133.0000
77.4592	1121.0000
77.4796	1131.0000
77.5001	1180.0000
77.5206	1145.0000
77.5410	1091.0000
77.5615	1187.0000
77.5819	1145.0000
77.6024	1185.0000
77.6229	1218.0000
77.6433	1253.0000
77.6638	1297.0000
77.6843	1216.0000
77.7047	1330.0000
77.7252	1297.0000
77.7456	1321.0000
77.7661	1435.0000
77.7866	1415.0000
77.8070	1429.0000
77.8275	1523.0000
77.8480	1466.0000
77.8684	1527.0000
77.8889	1527.0000
77.9093	1642.0000
77.9298	1640.0000
77.9503	1749.0000
77.9707	1778.0000
77.9912	1758.0000
78.0117	1758.0000
78.0321	1805.0000
78.0526	1826.0000
78.0730	1972.0000
78.0935	1950.0000
78.1140	1960.0000
78.1344	2008.0000
78.1549	1837.0000
78.1754	1832.0000
78.1958	1759.0000
78.2163	1666.0000
78.2367	1613.0000
78.2572	1489.0000
78.2777	1488.0000
78.2981	1413.0000
78.3186	1420.0000
78.3391	1387.0000
78.3595	1427.0000
78.3800	1353.0000
78.4005	1303.0000
78.4209	1282.0000
78.4414	1213.0000
78.4618	1179.0000
78.4823	1234.0000
78.5028	1101.0000
78.5232	1081.0000
78.5437	1068.0000
78.5642	1082.0000
78.5846	1086.0000
78.6051	1114.0000
78.6255	1084.0000
78.6460	1058.0000
78.6665	1032.0000
78.6869	1069.0000
78.7074	1052.0000
78.7279	961.0000
78.7483	1058.0000
78.7688	994.0000
78.7892	1021.0000
78.8097	1077.0000
78.8302	1041.0000
78.8506	1054.0000
78.8711	954.0000
78.8916	1011.0000
78.9120	1051.0000
78.9325	1031.0000
78.9529	1014.0000
78.9734	1015.0000
78.9939	1024.0000
79.0143	1074.0000
79.0348	1041.0000
79.0553	1007.0000
79.0757	1022.0000
79.0962	1004.0000
79.1166	1035.0000
79.1371	1044.0000
79.1576	978.0000
79.1780	1023.0000
79.1985	997.0000
79.2190	997.0000
79.2394	1042.0000
79.2599	999.0000
79.2803	1080.0000
79.3008	975.0000
79.3213	1003.0000
79.3417	1035.0000
79.3622	1001.0000
79.3827	1001.0000
79.4031	1004.0000
79.4236	985.0000
79.4440	1020.0000
79.4645	1023.0000
79.4850	956.0000
79.5054	1026.0000
79.5259	1015.0000
79.5464	1034.0000
79.5668	1047.0000
79.5873	955.0000
79.6077	963.0000
79.6282	947.0000
79.6487	1018.0000
79.6691	990.0000
79.6896	1022.0000
79.7101	1015.0000
79.7305	1004.0000
79.7510	980.0000
79.7714	940.0000
79.7919	1013.0000
79.8124	1004.0000
79.8328	1049.0000
79.8533	1013.0000
79.8738	1000.0000
79.8942	1012.0000
79.9147	964.0000
79.9352	997.0000
79.9556	1023.0000
79.9761	1027.0000
79.9965	951.0000
