20.0000	1178.0000
20.0205	1224.0000
20.0409	1154.0000
20.0614	1178.0000
20.0819	1177.0000
20.1023	1171.0000
20.1228	1200.0000
20.1432	1201.0000
20.1637	1233.0000
20.1842	1179.0000
20.2046	1204.0000
20.2251	1163.0000
20.2456	1194.0000
20.2660	1230.0000
20.2865	1233.0000
20.3069	1172.0000
20.3274	1252.0000
20.3479	1212.0000
20.3683	1201.0000
20.3888	1157.0000
20.4093	1183.0000
20.4297	1198.0000
20.4502	1233.0000
20.4706	1224.0000
20.4911	1219.0000
20.5116	1182.0000
20.5320	1214.0000
20.5525	1113.0000
20.5730	1207.0000
20.5934	1154.0000
20.6139	1194.0000
20.6343	1179.0000
20.6548	1206.0000
20.6753	1130.0000
20.6957	1238.0000
20.7162	1202.0000
20.7367	1205.0000
20.7571	1187.0000
20.7776	1225.0000
20.7980	1188.0000
20.8185	1181.0000
20.8390	1166.0000
20.8594	1213.0000
20.8799	1159.0000
20.9004	1109.0000
20.9208	1179.0000
20.9413	1158.0000
20.9617	1141.0000
20.9822	1190.0000
21.0027	1170.0000
21.0231	1173.0000
21.0436	1198.0000
21.0641	1164.0000
21.0845	1115.0000
21.1050	1200.0000
21.1254	1166.0000
21.1459	1191.0000
21.1664	1208.0000
21.1868	1207.0000
21.2073	1209.0000
21.2278	1267.0000
21.2482	1229.0000
21.2687	1195.0000
21.2891	1145.0000
21.3096	1167.0000
21.3301	1190.0000
21.3505	1136.0000
21.3710	1154.0000
21.3915	1164.0000
21.4119	1067.0000
21.4324	1105.0000
21.4528	1207.0000
21.4733	1206.0000
21.4938	1151.0000
21.5142	1099.0000
21.5347	1164.0000
21.5552	1189.0000
21.5756	1134.0000
21.5961	1190.0000
21.6166	1206.0000
21.6370	1184.0000
21.6575	1229.0000
21.6779	1202.0000
21.6984	1167.0000
21.7189	1175.0000
21.7393	1184.0000
21.7598	1125.0000
21.7803	1186.0000
21.8007	1103.0000
21.8212	1171.0000
21.8416	1148.0000
21.8621	1216.0000
21.8826	1208.0000
21.9030	1196.0000
21.9235	1170.0000
21.9440	1190.0000
21.9644	1087.0000
21.9849	1157.0000
22.0053	1192.0000
22.0258	1125.0000
22.0463	1198.0000
22.0667	1196.0000
22.0872	1174.0000
22.1077	1187.0000
22.1281	1184.0000
22.1486	1134.0000
22.1690	1129.0000
22.1895	1186.0000
22.2100	1204.0000
22.2304	1138.0000
22.2509	1185.0000
22.2714	1208.0000
22.2918	1155.0000
22.3123	1210.0000
22.3327	1199.0000
22.3532	1152.0000
22.3737	1171.0000
22.3941	1184.0000
22.4146	1192.0000
22.4351	1157.0000
22.4555	1226.0000
22.4760	1244.0000
22.4964	1173.0000
22.5169	1152.0000
22.5374	1211.0000
22.5578	1198.0000
22.5783	1184.0000
22.5988	1251.0000
22.6192	1157.0000
22.6397	1233.0000
22.6601	1236.0000
22.6806	1209.0000
22.7011	1266.0000
22.7215	1418.0000
22.7420	1299.0000
22.7625	1387.0000
22.7829	1445.0000
22.8034	1499.0000
22.8238	1486.0000
22.8443	1559.0000
22.8648	1593.0000
22.8852	1625.0000
22.9057	1553.0000
22.9262	1650.0000
22.9466	1538.0000
22.9671	1505.0000
22.9875	1578.0000
23.0080	1543.0000
23.0285	1440.0000
23.0489	1424.0000
23.0694	1342.0000
23.0899	1344.0000
23.1103	1371.0000
23.1308	1433.0000
23.1513	1345.0000
23.1717	1280.0000
23.1922	1313.0000
23.2126	1351.0000
23.2331	1248.0000
23.2536	1284.0000
23.2740	1192.0000
23.2945	1231.0000
23.3150	1230.0000
23.3354	1215.0000
23.3559	1258.0000
23.3763	1240.0000
23.3968	1239.0000
23.4173	1199.0000
23.4377	1161.0000
23.4582	1254.0000
23.4787	1175.0000
23.4991	1281.0000
23.5196	1163.0000
23.5400	1189.0000
23.5605	1175.0000
23.5810	1150.0000
23.6014	1159.0000
23.6219	1192.0000
23.6424	1156.0000
23.6628	1117.0000
23.6833	1260.0000
23.7037	1137.0000
23.7242	1214.0000
23.7447	1184.0000
23.7651	1160.0000
23.7856	1175.0000
23.8061	1184.0000
23.8265	1189.0000
23.8470	1165.0000
23.8674	1174.0000
23.8879	1190.0000
23.9084	1182.0000
23.9288	1189.0000
23.9493	1165.0000
23.9698	1178.0000
23.9902	1058.0000
24.0107	1153.0000
24.0311	1184.0000
24.0516	1203.0000
24.0721	1179.0000
24.0925	1217.0000
24.1130	1088.0000
24.1335	1167.0000
24.1539	1121.0000
24.1744	1209.0000
24.1948	1199.0000
24.2153	1183.0000
24.2358	1223.0000
24.2562	1198.0000
24.2767	1312.0000
24.2972	1259.0000
24.3176	1264.0000
24.3381	1241.0000
24.3585	1241.0000
24.3790	1194.0000
24.3995	1189.0000
24.4199	1186.0000
24.4404	1251.0000
24.4609	1167.0000
24.4813	1203.0000
24.5018	1246.0000
24.5222	1169.0000
24.5427	1200.0000
24.5632	1207.0000
24.5836	1110.0000
24.6041	1164.0000
24.6246	1092.0000
24.6450	1150.0000
24.6655	1139.0000
24.6860	1157.0000
24.7064	1200.0000
24.7269	1140.0000
24.7473	1169.0000
24.7678	1185.0000
24.7883	1149.0000
24.8087	1151.0000
24.8292	1121.0000
24.8497	1221.0000
24.8701	1159.0000
24.8906	1142.0000
24.9110	1112.0000
24.9315	1210.0000
24.9520	1171.0000
24.9724	1127.0000
24.9929	1109.0000
25.0134	1129.0000
25.0338	1203.0000
25.0543	1203.0000
25.0747	1099.0000
25.0952	1150.0000
25.1157	1182.0000
25.1361	1230.0000
25.1566	1253.0000
25.1771	1212.0000
25.1975	1253.0000
25.2180	1276.0000
25.2384	1269.0000
25.2589	1437.0000
25.2794	1504.0000
25.2998	1508.0000
25.3203	1559.0000
25.3408	1590.0000
25.3612	1516.0000
25.3817	1591.0000
25.4021	1508.0000
25.4226	1452.0000
25.4431	1359.0000
25.4635	1311.0000
25.4840	1252.0000
25.5045	1327.0000
25.5249	1282.0000
25.5454	1222.0000
25.5658	1184.0000
25.5863	1146.0000
25.6068	1122.0000
25.6272	1186.0000
25.6477	1223.0000
25.6682	1181.0000
25.6886	1150.0000
25.7091	1192.0000
25.7295	1165.0000
25.7500	1190.0000
25.7705	1193.0000
25.7909	1157.0000
25.8114	1178.0000
25.8319	1219.0000
25.8523	1247.0000
25.8728	1269.0000
25.8932	1261.0000
25.9137	1317.0000
25.9342	1311.0000
25.9546	1322.0000
25.9751	1367.0000
25.9956	1383.0000
26.0160	1293.0000
26.0365	1287.0000
26.0569	1304.0000
26.0774	1238.0000
26.0979	1260.0000
26.1183	1201.0000
26.1388	1155.0000
26.1593	1208.0000
26.1797	1195.0000
26.2002	1177.0000
26.2207	1136.0000
26.2411	1170.0000
26.2616	1114.0000
26.2820	1128.0000
26.3025	1106.0000
26.3230	1212.0000
26.3434	1162.0000
26.3639	1163.0000
26.3844	1241.0000
26.4048	1191.0000
26.4253	1155.0000
26.4457	1196.0000
26.4662	1121.0000
26.4867	1050.0000
26.5071	1172.0000
26.5276	1173.0000
26.5481	1221.0000
26.5685	1207.0000
26.5890	1144.0000
26.6094	1145.0000
26.6299	1094.0000
26.6504	1137.0000
26.6708	1141.0000
26.6913	1101.0000
26.7118	1184.0000
26.7322	1139.0000
26.7527	1048.0000
26.7731	1081.0000
26.7936	1135.0000
26.8141	1151.0000
26.8345	1138.0000
26.8550	1074.0000
26.8755	1121.0000
26.8959	1191.0000
26.9164	1131.0000
26.9368	1153.0000
26.9573	1088.0000
26.9778	1124.0000
26.9982	1107.0000
27.0187	1199.0000
27.0392	1150.0000
27.0596	1151.0000
27.0801	1126.0000
27.1005	1174.0000
27.1210	1125.0000
27.1415	1143.0000
27.1619	1155.0000
27.1824	1101.0000
27.2029	1132.0000
27.2233	1178.0000
27.2438	1125.0000
27.2642	1127.0000
27.2847	1193.0000
27.3052	1155.0000
27.3256	1089.0000
27.3461	1095.0000
27.3666	1119.0000
27.3870	1099.0000
27.4075	1059.0000
27.4279	1117.0000
27.4484	1093.0000
27.4689	1109.0000
27.4893	1147.0000
27.5098	1124.0000
27.5303	1091.0000
27.5507	1102.0000
27.5712	1187.0000
27.5916	1189.0000
27.6121	1099.0000
27.6326	1152.0000
27.6530	1154.0000
27.6735	1128.0000
27.6940	1154.0000
27.7144	1123.0000
27.7349	1105.0000
27.7554	1105.0000
27.7758	1148.0000
27.7963	1137.0000
27.8167	1179.0000
27.8372	1079.0000
27.8577	1096.0000
27.8781	1129.0000
27.8986	1116.0000
27.9191	1086.0000
27.9395	1157.0000
27.9600	1157.0000
27.9804	1130.0000
28.0009	1124.0000
28.0214	1158.0000
28.0418	1112.0000
28.0623	1162.0000
28.0828	1087.0000
28.1032	1146.0000
28.1237	1114.0000
28.1441	1121.0000
28.1646	1174.0000
28.1851	1086.0000
28.2055	1127.0000
28.2260	1108.0000
28.2465	1211.0000
28.2669	1180.0000
28.2874	1192.0000
28.3078	1135.0000
28.3283	1102.0000
28.3488	1096.0000
28.3692	1171.0000
28.3897	1168.0000
28.4102	1181.0000
28.4306	1171.0000
28.4511	1149.0000
28.4715	1208.0000
28.4920	1233.0000
28.5125	1140.0000
28.5329	1222.0000
28.5534	1183.0000
28.5739	1155.0000
28.5943	1172.0000
28.6148	1168.0000
28.6352	1194.0000
28.6557	1135.0000
28.6762	1151.0000
28.6966	1192.0000
28.7171	1202.0000
28.7376	1192.0000
28.7580	1123.0000
28.7785	1114.0000
28.7989	1149.0000
28.8194	1165.0000
28.8399	1190.0000
28.8603	1178.0000
28.8808	1105.0000
28.9013	1122.0000
28.9217	1130.0000
28.9422	1099.0000
28.9626	1106.0000
28.9831	1127.0000
29.0036	1086.0000
29.0240	1119.0000
29.0445	1102.0000
29.0650	1161.0000
29.0854	1083.0000
29.1059	1176.0000
29.1263	1135.0000
29.1468	1149.0000
29.1673	1101.0000
29.1877	1150.0000
29.2082	1112.0000
29.2287	1132.0000
29.2491	1149.0000
29.2696	1073.0000
29.2901	1148.0000
29.3105	1102.0000
29.3310	1163.0000
29.3514	1083.0000
29.3719	1101.0000
29.3924	1138.0000
29.4128	1063.0000
29.4333	1137.0000
29.4538	1149.0000
29.4742	1150.0000
29.4947	1134.0000
29.5151	1125.0000
29.5356	1144.0000
29.5561	1069.0000
29.5765	1138.0000
29.5970	1096.0000
29.6175	1035.0000
29.6379	1127.0000
29.6584	1181.0000
29.6788	1153.0000
29.6993	1135.0000
29.7198	1101.0000
29.7402	1162.0000
29.7607	1206.0000
29.7812	1186.0000
29.8016	1167.0000
29.8221	1145.0000
29.8425	1174.0000
29.8630	1134.0000
29.8835	1117.0000
29.9039	1087.0000
29.9244	1166.0000
29.9449	1105.0000
29.9653	1115.0000
29.9858	1119.0000
30.0062	1056.0000
30.0267	1164.0000
30.0472	1073.0000
30.0676	1058.0000
30.0881	1091.0000
30.1086	1129.0000
30.1290	1163.0000
30.1495	1143.0000
30.1699	1194.0000
30.1904	1118.0000
30.2109	1137.0000
30.2313	1139.0000
30.2518	1145.0000
30.2723	1109.0000
30.2927	1141.0000
30.3132	1128.0000
30.3336	1153.0000
30.3541	1164.0000
30.3746	1140.0000
30.3950	1113.0000
30.4155	1124.0000
30.4360	1193.0000
30.4564	1159.0000
30.4769	1181.0000
30.4973	1207.0000
30.5178	1263.0000
30.5383	1227.0000
30.5587	1250.0000
30.5792	1192.0000
30.5997	1224.0000
30.6201	1242.0000
30.6406	1161.0000
30.6610	1253.0000
30.6815	1192.0000
30.7020	1144.0000
30.7224	1155.0000
30.7429	1164.0000
30.7634	1119.0000
30.7838	1116.0000
30.8043	1178.0000
30.8248	1138.0000
30.8452	1102.0000
30.8657	1116.0000
30.8861	1127.0000
30.9066	1146.0000
30.9271	1119.0000
30.9475	1129.0000
30.9680	1177.0000
30.9885	1130.0000
31.0089	1154.0000
31.0294	1187.0000
31.0498	1102.0000
31.0703	1181.0000
31.0908	1109.0000
31.1112	1115.0000
31.1317	1220.0000
31.1522	1171.0000
31.1726	1218.0000
31.1931	1216.0000
31.2135	1226.0000
31.2340	1172.0000
31.2545	1180.0000
31.2749	1210.0000
31.2954	1247.0000
31.3159	1228.0000
31.3363	1197.0000
31.3568	1227.0000
31.3772	1246.0000
31.3977	1330.0000
31.4182	1269.0000
31.4386	1391.0000
31.4591	1394.0000
31.4796	1413.0000
31.5000	1483.0000
31.5205	1617.0000
31.5409	1620.0000
31.5614	1713.0000
31.5819	1784.0000
31.6023	1907.0000
31.6228	2028.0000
31.6433	2080.0000
31.6637	2179.0000
31.6842	2249.0000
31.7046	2312.0000
31.7251	2145.0000
31.7456	2115.0000
31.7660	1956.0000
31.7865	1870.0000
31.8070	1763.0000
31.8274	1781.0000
31.8479	1665.0000
31.8683	1584.0000
31.8888	1563.0000
31.9093	1507.0000
31.9297	1475.0000
31.9502	1384.0000
31.9707	1525.0000
31.9911	1455.0000
32.0116	1460.0000
32.0320	1456.0000
32.0525	1493.0000
32.0730	1603.0000
32.0934	1660.0000
32.1139	1734.0000
32.1344	1815.0000
32.1548	1836.0000
32.1753	2032.0000
32.1957	2067.0000
32.2162	2277.0000
32.2367	2320.0000
32.2571	2452.0000
32.2776	2622.0000
32.2981	2715.0000
32.3185	2820.0000
32.3390	2926.0000
32.3595	3318.0000
32.3799	3471.0000
32.4004	3832.0000
32.4208	4236.0000
32.4413	4571.0000
32.4618	4868.0000
32.4822	5301.0000
32.5027	5517.0000
32.5232	5602.0000
32.5436	5660.0000
32.5641	5693.0000
32.5845	5546.0000
32.6050	5528.0000
32.6255	5380.0000
32.6459	5153.0000
32.6664	5002.0000
32.6869	4720.0000
32.7073	4690.0000
32.7278	4512.0000
32.7482	4471.0000
32.7687	4299.0000
32.7892	4281.0000
32.8096	4466.0000
32.8301	4582.0000
32.8506	4744.0000
32.8710	4799.0000
32.8915	4877.0000
32.9119	5063.0000
32.9324	4930.0000
32.9529	4911.0000
32.9733	4654.0000
32.9938	4434.0000
33.0143	4217.0000
33.0347	3919.0000
33.0552	3502.0000
33.0756	3252.0000
33.0961	2959.0000
33.1166	2610.0000
33.1370	2346.0000
33.1575	2216.0000
33.1780	1928.0000
33.1984	1919.0000
33.2189	1685.0000
33.2393	1520.0000
33.2598	1530.0000
33.2803	1503.0000
33.3007	1479.0000
33.3212	1331.0000
33.3417	1365.0000
33.3621	1344.0000
33.3826	1298.0000
33.4030	1309.0000
33.4235	1326.0000
33.4440	1270.0000
33.4644	1233.0000
33.4849	1230.0000
33.5054	1259.0000
33.5258	1221.0000
33.5463	1277.0000
33.5667	1240.0000
33.5872	1232.0000
33.6077	1237.0000
33.6281	1126.0000
33.6486	1199.0000
33.6691	1129.0000
33.6895	1120.0000
33.7100	1237.0000
33.7304	1244.0000
33.7509	1185.0000
33.7714	1163.0000
33.7918	1186.0000
33.8123	1260.0000
33.8328	1187.0000
33.8532	1230.0000
33.8737	1250.0000
33.8942	1192.0000
33.9146	1162.0000
33.9351	1173.0000
33.9555	1179.0000
33.9760	1184.0000
33.9965	1176.0000
34.0169	1168.0000
34.0374	1161.0000
34.0579	1169.0000
34.0783	1198.0000
34.0988	1204.0000
34.1192	1189.0000
34.1397	1143.0000
34.1602	1183.0000
34.1806	1176.0000
34.2011	1181.0000
34.2216	1231.0000
34.2420	1195.0000
34.2625	1174.0000
34.2829	1236.0000
34.3034	1282.0000
34.3239	1238.0000
34.3443	1439.0000
34.3648	1449.0000
34.3853	1457.0000
34.4057	1406.0000
34.4262	1415.0000
34.4466	1367.0000
34.4671	1326.0000
34.4876	1333.0000
34.5080	1309.0000
34.5285	1254.0000
34.5490	1239.0000
34.5694	1222.0000
34.5899	1169.0000
34.6103	1183.0000
34.6308	1096.0000
34.6513	1080.0000
34.6717	1190.0000
34.6922	1224.0000
34.7127	1206.0000
34.7331	1139.0000
34.7536	1165.0000
34.7740	1191.0000
34.7945	1143.0000
34.8150	1176.0000
34.8354	1239.0000
34.8559	1213.0000
34.8764	1164.0000
34.8968	1148.0000
34.9173	1195.0000
34.9377	1143.0000
34.9582	1121.0000
34.9787	1112.0000
34.9991	1170.0000
35.0196	1107.0000
35.0401	1122.0000
35.0605	1100.0000
35.0810	1106.0000
35.1014	1137.0000
35.1219	1120.0000
35.1424	1110.0000
35.1628	1094.0000
35.1833	1212.0000
35.2038	1158.0000
35.2242	1173.0000
35.2447	1145.0000
35.2651	1152.0000
35.2856	1228.0000
35.3061	1196.0000
35.3265	1213.0000
35.3470	1110.0000
35.3675	1208.0000
35.3879	1135.0000
35.4084	1170.0000
35.4289	1215.0000
35.4493	1200.0000
35.4698	1161.0000
35.4902	1209.0000
35.5107	1181.0000
35.5312	1196.0000
35.5516	1143.0000
35.5721	1194.0000
35.5926	1164.0000
35.6130	1142.0000
35.6335	1158.0000
35.6539	1106.0000
35.6744	1162.0000
35.6949	1156.0000
35.7153	1096.0000
35.7358	1155.0000
35.7563	1146.0000
35.7767	1189.0000
35.7972	1117.0000
35.8176	1119.0000
35.8381	1163.0000
35.8586	1198.0000
35.8790	1094.0000
35.8995	1150.0000
35.9200	1096.0000
35.9404	1107.0000
35.9609	1181.0000
35.9813	1117.0000
36.0018	1150.0000
36.0223	1222.0000
36.0427	1227.0000
36.0632	1163.0000
36.0837	1184.0000
36.1041	1169.0000
36.1246	1079.0000
36.1450	1203.0000
36.1655	1190.0000
36.1860	1170.0000
36.2064	1163.0000
36.2269	1224.0000
36.2474	1151.0000
36.2678	1119.0000
36.2883	1179.0000
36.3087	1188.0000
36.3292	1224.0000
36.3497	1203.0000
36.3701	1198.0000
36.3906	1150.0000
36.4111	1219.0000
36.4315	1186.0000
36.4520	1165.0000
36.4724	1164.0000
36.4929	1209.0000
36.5134	1150.0000
36.5338	1228.0000
36.5543	1115.0000
36.5748	1168.0000
36.5952	1200.0000
36.6157	1190.0000
36.6361	1163.0000
36.6566	1186.0000
36.6771	1137.0000
36.6975	1171.0000
36.7180	1198.0000
36.7385	1187.0000
36.7589	1181.0000
36.7794	1219.0000
36.7998	1128.0000
36.8203	1184.0000
36.8408	1174.0000
36.8612	1149.0000
36.8817	1240.0000
36.9022	1113.0000
36.9226	1120.0000
36.9431	1195.0000
36.9636	1148.0000
36.9840	1121.0000
37.0045	1135.0000
37.0249	1107.0000
37.0454	1073.0000
37.0659	1127.0000
37.0863	1067.0000
37.1068	1151.0000
37.1273	1127.0000
37.1477	1122.0000
37.1682	1112.0000
37.1886	1175.0000
37.2091	1171.0000
37.2296	1214.0000
37.2500	1188.0000
37.2705	1197.0000
37.2910	1233.0000
37.3114	1256.0000
37.3319	1202.0000
37.3523	1188.0000
37.3728	1277.0000
37.3933	1192.0000
37.4137	1200.0000
37.4342	1164.0000
37.4547	1137.0000
37.4751	1172.0000
37.4956	1163.0000
37.5160	1170.0000
37.5365	1138.0000
37.5570	1124.0000
37.5774	1156.0000
37.5979	1065.0000
37.6184	1080.0000
37.6388	1102.0000
37.6593	1113.0000
37.6797	1142.0000
37.7002	1119.0000
37.7207	1119.0000
37.7411	1111.0000
37.7616	1139.0000
37.7821	1044.0000
37.8025	1131.0000
37.8230	1101.0000
37.8434	1144.0000
37.8639	1147.0000
37.8844	1075.0000
37.9048	1103.0000
37.9253	1123.0000
37.9458	1085.0000
37.9662	1106.0000
37.9867	1103.0000
38.0071	1121.0000
38.0276	1124.0000
38.0481	1090.0000
38.0685	1115.0000
38.0890	1176.0000
38.1095	1153.0000
38.1299	1095.0000
38.1504	1087.0000
38.1708	1088.0000
38.1913	1081.0000
38.2118	1118.0000
38.2322	1158.0000
38.2527	1199.0000
38.2732	1168.0000
38.2936	1158.0000
38.3141	1107.0000
38.3345	1129.0000
38.3550	1116.0000
38.3755	1147.0000
38.3959	1136.0000
38.4164	1050.0000
38.4369	1036.0000
38.4573	1116.0000
38.4778	1100.0000
38.4983	1118.0000
38.5187	1134.0000
38.5392	1143.0000
38.5596	1100.0000
38.5801	1095.0000
38.6006	1147.0000
38.6210	1138.0000
38.6415	1109.0000
38.6620	1103.0000
38.6824	1121.0000
38.7029	1125.0000
38.7233	1158.0000
38.7438	1116.0000
38.7643	1129.0000
38.7847	1110.0000
38.8052	1097.0000
38.8257	1108.0000
38.8461	1162.0000
38.8666	1124.0000
38.8870	1097.0000
38.9075	1083.0000
38.9280	1143.0000
38.9484	1173.0000
38.9689	1069.0000
38.9894	1161.0000
39.0098	1155.0000
39.0303	1111.0000
39.0507	1089.0000
39.0712	1123.0000
39.0917	1151.0000
39.1121	1048.0000
39.1326	1060.0000
39.1531	1105.0000
39.1735	1083.0000
39.1940	1152.0000
39.2144	1108.0000
39.2349	1150.0000
39.2554	1126.0000
39.2758	1085.0000
39.2963	1174.0000
39.3168	1060.0000
39.3372	1068.0000
39.3577	1170.0000
39.3781	1088.0000
39.3986	1176.0000
39.4191	1081.0000
39.4395	1111.0000
39.4600	1213.0000
39.4805	1151.0000
39.5009	1155.0000
39.5214	1151.0000
39.5418	1141.0000
39.5623	1132.0000
39.5828	1155.0000
39.6032	1120.0000
39.6237	1119.0000
39.6442	1190.0000
39.6646	1239.0000
39.6851	1191.0000
39.7055	1189.0000
39.7260	1209.0000
39.7465	1172.0000
39.7669	1160.0000
39.7874	1237.0000
39.8079	1203.0000
39.8283	1203.0000
39.8488	1274.0000
39.8692	1323.0000
39.8897	1358.0000
39.9102	1373.0000
39.9306	1498.0000
39.9511	1559.0000
39.9716	1578.0000
39.9920	1624.0000
40.0125	1599.0000
40.0330	1637.0000
40.0534	1714.0000
40.0739	1596.0000
40.0943	1679.0000
40.1148	1698.0000
40.1353	1707.0000
40.1557	1676.0000
40.1762	1642.0000
40.1967	1634.0000
40.2171	1541.0000
40.2376	1567.0000
40.2580	1543.0000
40.2785	1517.0000
40.2990	1526.0000
40.3194	1540.0000
40.3399	1523.0000
40.3604	1481.0000
40.3808	1440.0000
40.4013	1474.0000
40.4217	1516.0000
40.4422	1549.0000
40.4627	1518.0000
40.4831	1493.0000
40.5036	1516.0000
40.5241	1580.0000
40.5445	1529.0000
40.5650	1624.0000
40.5854	1519.0000
40.6059	1549.0000
40.6264	1606.0000
40.6468	1509.0000
40.6673	1482.0000
40.6878	1363.0000
40.7082	1436.0000
40.7287	1375.0000
40.7491	1296.0000
40.7696	1234.0000
40.7901	1179.0000
40.8105	1145.0000
40.8310	1211.0000
40.8515	1168.0000
40.8719	1134.0000
40.8924	1105.0000
40.9128	1119.0000
40.9333	1138.0000
40.9538	1070.0000
40.9742	1125.0000
40.9947	1146.0000
41.0152	1093.0000
41.0356	1095.0000
41.0561	1102.0000
41.0765	1211.0000
41.0970	1052.0000
41.1175	1109.0000
41.1379	1104.0000
41.1584	1092.0000
41.1789	1117.0000
41.1993	1105.0000
41.2198	1143.0000
41.2402	1143.0000
41.2607	1072.0000
41.2812	1110.0000
41.3016	1138.0000
41.3221	1141.0000
41.3426	1142.0000
41.3630	1026.0000
41.3835	1114.0000
41.4039	1111.0000
41.4244	1147.0000
41.4449	1119.0000
41.4653	1138.0000
41.4858	1092.0000
41.5063	1144.0000
41.5267	1122.0000
41.5472	1143.0000
41.5677	1152.0000
41.5881	1178.0000
41.6086	1078.0000
41.6290	1119.0000
41.6495	1109.0000
41.6700	1092.0000
41.6904	1129.0000
41.7109	1120.0000
41.7314	1147.0000
41.7518	1111.0000
41.7723	1137.0000
41.7927	1026.0000
41.8132	1088.0000
41.8337	1106.0000
41.8541	1094.0000
41.8746	1092.0000
41.8951	1165.0000
41.9155	1072.0000
41.9360	1129.0000
41.9564	1119.0000
41.9769	1068.0000
41.9974	1051.0000
42.0178	1134.0000
42.0383	1040.0000
42.0588	1129.0000
42.0792	1138.0000
42.0997	1101.0000
42.1201	1139.0000
42.1406	1110.0000
42.1611	1122.0000
42.1815	1109.0000
42.2020	1175.0000
42.2225	1142.0000
42.2429	1094.0000
42.2634	1051.0000
42.2838	1131.0000
42.3043	1112.0000
42.3248	1140.0000
42.3452	1108.0000
42.3657	1078.0000
42.3862	1155.0000
42.4066	1040.0000
42.4271	1139.0000
42.4475	1147.0000
42.4680	1050.0000
42.4885	1159.0000
42.5089	1103.0000
42.5294	1127.0000
42.5499	1142.0000
42.5703	1135.0000
42.5908	1103.0000
42.6112	1195.0000
42.6317	1217.0000
42.6522	1219.0000
42.6726	1177.0000
42.6931	1197.0000
42.7136	1186.0000
42.7340	1353.0000
42.7545	1225.0000
42.7749	1309.0000
42.7954	1309.0000
42.8159	1266.0000
42.8363	1239.0000
42.8568	1217.0000
42.8773	1251.0000
42.8977	1280.0000
42.9182	1167.0000
42.9386	1267.0000
42.9591	1183.0000
42.9796	1268.0000
43.0000	1210.0000
43.0205	1255.0000
43.0410	1185.0000
43.0614	1195.0000
43.0819	1187.0000
43.1024	1229.0000
43.1228	1213.0000
43.1433	1245.0000
43.1637	1185.0000
43.1842	1238.0000
43.2047	1181.0000
43.2251	1274.0000
43.2456	1151.0000
43.2661	1162.0000
43.2865	1214.0000
43.3070	1213.0000
43.3274	1223.0000
43.3479	1149.0000
43.3684	1172.0000
43.3888	1147.0000
43.4093	1097.0000
43.4298	1123.0000
43.4502	1109.0000
43.4707	1150.0000
43.4911	1168.0000
43.5116	1169.0000
43.5321	1122.0000
43.5525	1152.0000
43.5730	1144.0000
43.5935	1152.0000
43.6139	1144.0000
43.6344	1158.0000
43.6548	1142.0000
43.6753	1169.0000
43.6958	1176.0000
43.7162	1102.0000
43.7367	1122.0000
43.7572	1100.0000
43.7776	1073.0000
43.7981	1135.0000
43.8185	1114.0000
43.8390	1146.0000
43.8595	1164.0000
43.8799	1185.0000
43.9004	1197.0000
43.9209	1244.0000
43.9413	1230.0000
43.9618	1293.0000
43.9822	1271.0000
44.0027	1241.0000
44.0232	1239.0000
44.0436	1274.0000
44.0641	1295.0000
44.0846	1254.0000
44.1050	1293.0000
44.1255	1302.0000
44.1459	1315.0000
44.1664	1280.0000
44.1869	1323.0000
44.2073	1358.0000
44.2278	1368.0000
44.2483	1311.0000
44.2687	1358.0000
44.2892	1325.0000
44.3096	1345.0000
44.3301	1246.0000
44.3506	1185.0000
44.3710	1215.0000
44.3915	1227.0000
44.4120	1189.0000
44.4324	1123.0000
44.4529	1156.0000
44.4733	1241.0000
44.4938	1131.0000
44.5143	1141.0000
44.5347	1151.0000
44.5552	1112.0000
44.5757	1047.0000
44.5961	1105.0000
44.6166	1054.0000
44.6371	1076.0000
44.6575	1101.0000
44.6780	1111.0000
44.6984	1098.0000
44.7189	1046.0000
44.7394	1055.0000
44.7598	1048.0000
44.7803	1074.0000
44.8008	1138.0000
44.8212	1091.0000
44.8417	1119.0000
44.8621	1047.0000
44.8826	1093.0000
44.9031	1092.0000
44.9235	1131.0000
44.9440	1153.0000
44.9645	1181.0000
44.9849	1086.0000
45.0054	1166.0000
45.0258	1092.0000
45.0463	1117.0000
45.0668	1149.0000
45.0872	1131.0000
45.1077	1181.0000
45.1282	1169.0000
45.1486	1098.0000
45.1691	1133.0000
45.1895	1184.0000
45.2100	1095.0000
45.2305	1092.0000
45.2509	1123.0000
45.2714	1115.0000
45.2919	1141.0000
45.3123	1110.0000
45.3328	1109.0000
45.3532	1108.0000
45.3737	1059.0000
45.3942	1079.0000
45.4146	1093.0000
45.4351	1071.0000
45.4556	1160.0000
45.4760	1116.0000
45.4965	1171.0000
45.5169	1121.0000
45.5374	1169.0000
45.5579	1144.0000
45.5783	1115.0000
45.5988	1176.0000
45.6193	1148.0000
45.6397	1168.0000
45.6602	1166.0000
45.6806	1120.0000
45.7011	1157.0000
45.7216	1134.0000
45.7420	1115.0000
45.7625	1163.0000
45.7830	1213.0000
45.8034	1241.0000
45.8239	1229.0000
45.8443	1166.0000
45.8648	1141.0000
45.8853	1179.0000
45.9057	1211.0000
45.9262	1196.0000
45.9467	1199.0000
45.9671	1180.0000
45.9876	1185.0000
46.0080	1150.0000
46.0285	1183.0000
46.0490	1160.0000
46.0694	1201.0000
46.0899	1109.0000
46.1104	1255.0000
46.1308	1263.0000
46.1513	1188.0000
46.1718	1181.0000
46.1922	1251.0000
46.2127	1202.0000
46.2331	1253.0000
46.2536	1296.0000
46.2741	1294.0000
46.2945	1367.0000
46.3150	1404.0000
46.3355	1492.0000
46.3559	1498.0000
46.3764	1602.0000
46.3968	1624.0000
46.4173	1769.0000
46.4378	1810.0000
46.4582	1895.0000
46.4787	2045.0000
46.4992	1982.0000
46.5196	2156.0000
46.5401	2232.0000
46.5605	2283.0000
46.5810	2359.0000
46.6015	2252.0000
46.6219	2357.0000
46.6424	2269.0000
46.6629	2286.0000
46.6833	2232.0000
46.7038	2209.0000
46.7242	2204.0000
46.7447	2110.0000
46.7652	2094.0000
46.7856	2071.0000
46.8061	1972.0000
46.8266	1954.0000
46.8470	1977.0000
46.8675	1902.0000
46.8879	1915.0000
46.9084	1907.0000
46.9289	1830.0000
46.9493	1969.0000
46.9698	1894.0000
46.9903	1890.0000
47.0107	1970.0000
47.0312	2021.0000
47.0516	2034.0000
47.0721	2133.0000
47.0926	2128.0000
47.1130	2224.0000
47.1335	2193.0000
47.1540	2231.0000
47.1744	2165.0000
47.1949	2093.0000
47.2153	2079.0000
47.2358	2100.0000
47.2563	2135.0000
47.2767	2069.0000
47.2972	2030.0000
47.3177	1972.0000
47.3381	1972.0000
47.3586	1902.0000
47.3790	1808.0000
47.3995	1722.0000
47.4200	1639.0000
47.4404	1620.0000
47.4609	1556.0000
47.4814	1508.0000
47.5018	1433.0000
47.5223	1355.0000
47.5427	1288.0000
47.5632	1281.0000
47.5837	1273.0000
47.6041	1242.0000
47.6246	1201.0000
47.6451	1244.0000
47.6655	1168.0000
47.6860	1173.0000
47.7065	1174.0000
47.7269	1232.0000
47.7474	1201.0000
47.7678	1195.0000
47.7883	1206.0000
47.8088	1287.0000
47.8292	1218.0000
47.8497	1312.0000
47.8702	1260.0000
47.8906	1242.0000
47.9111	1257.0000
47.9315	1215.0000
47.9520	1107.0000
47.9725	1222.0000
47.9929	1169.0000
48.0134	1178.0000
48.0339	1165.0000
48.0543	1196.0000
48.0748	1182.0000
48.0952	1066.0000
48.1157	1143.0000
48.1362	1082.0000
48.1566	1152.0000
48.1771	1156.0000
48.1976	1130.0000
48.2180	1180.0000
48.2385	1149.0000
48.2589	1111.0000
48.2794	1168.0000
48.2999	1140.0000
48.3203	1055.0000
48.3408	1140.0000
48.3613	1123.0000
48.3817	1124.0000
48.4022	1116.0000
48.4226	1086.0000
48.4431	1127.0000
48.4636	1156.0000
48.4840	1121.0000
48.5045	1094.0000
48.5250	1081.0000
48.5454	1090.0000
48.5659	1084.0000
48.5863	1098.0000
48.6068	1094.0000
48.6273	1126.0000
48.6477	1106.0000
48.6682	1072.0000
48.6887	1081.0000
48.7091	1106.0000
48.7296	1061.0000
48.7500	1107.0000
48.7705	1083.0000
48.7910	1058.0000
48.8114	1085.0000
48.8319	1078.0000
48.8524	1073.0000
48.8728	1056.0000
48.8933	1087.0000
48.9137	1032.0000
48.9342	1113.0000
48.9547	1042.0000
48.9751	1121.0000
48.9956	1112.0000
49.0161	1057.0000
49.0365	1095.0000
49.0570	1126.0000
49.0774	1055.0000
49.0979	1129.0000
49.1184	1036.0000
49.1388	1072.0000
49.1593	1081.0000
49.1798	1089.0000
49.2002	1072.0000
49.2207	1127.0000
49.2412	1089.0000
49.2616	1109.0000
49.2821	1050.0000
49.3025	1066.0000
49.3230	1070.0000
49.3435	1096.0000
49.3639	1044.0000
49.3844	1024.0000
49.4049	1049.0000
49.4253	1102.0000
49.4458	1073.0000
49.4662	1158.0000
49.4867	1047.0000
49.5072	1086.0000
49.5276	1051.0000
49.5481	1084.0000
49.5686	1144.0000
49.5890	1042.0000
49.6095	1132.0000
49.6299	1055.0000
49.6504	1060.0000
49.6709	1072.0000
49.6913	1112.0000
49.7118	1140.0000
49.7323	1100.0000
49.7527	1121.0000
49.7732	1073.0000
49.7936	1121.0000
49.8141	1083.0000
49.8346	1060.0000
49.8550	1116.0000
49.8755	1133.0000
49.8960	1121.0000
49.9164	1069.0000
49.9369	1065.0000
49.9573	1105.0000
49.9778	1118.0000
49.9983	1113.0000
50.0187	1092.0000
50.0392	1142.0000
50.0597	1227.0000
50.0801	1119.0000
50.1006	1203.0000
50.1210	1176.0000
50.1415	1152.0000
50.1620	1187.0000
50.1824	1102.0000
50.2029	1111.0000
50.2234	1152.0000
50.2438	1185.0000
50.2643	1118.0000
50.2847	1106.0000
50.3052	1111.0000
50.3257	1084.0000
50.3461	1074.0000
50.3666	1086.0000
50.3871	1060.0000
50.4075	1120.0000
50.4280	1131.0000
50.4484	1151.0000
50.4689	1054.0000
50.4894	1112.0000
50.5098	1055.0000
50.5303	1116.0000
50.5508	1096.0000
50.5712	1076.0000
50.5917	1165.0000
50.6121	1133.0000
50.6326	1119.0000
50.6531	1114.0000
50.6735	1128.0000
50.6940	1069.0000
50.7145	1101.0000
50.7349	1181.0000
50.7554	1078.0000
50.7759	1088.0000
50.7963	1079.0000
50.8168	1096.0000
50.8372	1080.0000
50.8577	1087.0000
50.8782	1113.0000
50.8986	1080.0000
50.9191	1103.0000
50.9396	1118.0000
50.9600	1133.0000
50.9805	1060.0000
51.0009	1111.0000
51.0214	1056.0000
51.0419	1093.0000
51.0623	1080.0000
51.0828	1069.0000
51.1033	1065.0000
51.1237	1071.0000
51.1442	1061.0000
51.1646	1057.0000
51.1851	1089.0000
51.2056	1091.0000
51.2260	1063.0000
51.2465	1075.0000
51.2670	1060.0000
51.2874	1103.0000
51.3079	1125.0000
51.3283	1095.0000
51.3488	1091.0000
51.3693	1042.0000
51.3897	1071.0000
51.4102	1067.0000
51.4307	1064.0000
51.4511	1043.0000
51.4716	1028.0000
51.4920	1034.0000
51.5125	1138.0000
51.5330	1120.0000
51.5534	1048.0000
51.5739	1039.0000
51.5944	1053.0000
51.6148	1069.0000
51.6353	1132.0000
51.6557	1059.0000
51.6762	1035.0000
51.6967	1077.0000
51.7171	1095.0000
51.7376	1064.0000
51.7581	1146.0000
51.7785	1042.0000
51.7990	1068.0000
51.8194	1091.0000
51.8399	1147.0000
51.8604	1096.0000
51.8808	1068.0000
51.9013	1058.0000
51.9218	1101.0000
51.9422	1082.0000
51.9627	1061.0000
51.9831	1164.0000
52.0036	1245.0000
52.0241	1108.0000
52.0445	1125.0000
52.0650	1090.0000
52.0855	1151.0000
52.1059	1094.0000
52.1264	1132.0000
52.1468	1135.0000
52.1673	1110.0000
52.1878	1145.0000
52.2082	1074.0000
52.2287	1167.0000
52.2492	1190.0000
52.2696	1149.0000
52.2901	1257.0000
52.3106	1176.0000
52.3310	1228.0000
52.3515	1254.0000
52.3719	1239.0000
52.3924	1179.0000
52.4129	1205.0000
52.4333	1235.0000
52.4538	1275.0000
52.4743	1280.0000
52.4947	1193.0000
52.5152	1147.0000
52.5356	1312.0000
52.5561	1206.0000
52.5766	1192.0000
52.5970	1162.0000
52.6175	1161.0000
52.6380	1234.0000
52.6584	1190.0000
52.6789	1184.0000
52.6993	1191.0000
52.7198	1179.0000
52.7403	1146.0000
52.7607	1200.0000
52.7812	1116.0000
52.8017	1128.0000
52.8221	1154.0000
52.8426	1125.0000
52.8630	1231.0000
52.8835	1127.0000
52.9040	1119.0000
52.9244	1080.0000
52.9449	1151.0000
52.9654	1130.0000
52.9858	1182.0000
53.0063	1152.0000
53.0267	1117.0000
53.0472	1118.0000
53.0677	1135.0000
53.0881	1119.0000
53.1086	1179.0000
53.1291	1149.0000
53.1495	1061.0000
53.1700	1116.0000
53.1904	1132.0000
53.2109	1134.0000
53.2314	1108.0000
53.2518	1129.0000
53.2723	1131.0000
53.2928	1122.0000
53.3132	1110.0000
53.3337	1071.0000
53.3541	1123.0000
53.3746	1141.0000
53.3951	1018.0000
53.4155	1128.0000
53.4360	1225.0000
53.4565	1118.0000
53.4769	1057.0000
53.4974	1128.0000
53.5178	1075.0000
53.5383	1088.0000
53.5588	1093.0000
53.5792	1084.0000
53.5997	1030.0000
53.6202	1135.0000
53.6406	1149.0000
53.6611	1122.0000
53.6815	1155.0000
53.7020	1110.0000
53.7225	1097.0000
53.7429	1140.0000
53.7634	1141.0000
53.7839	1169.0000
53.8043	1141.0000
53.8248	1157.0000
53.8453	1103.0000
53.8657	1121.0000
53.8862	1169.0000
53.9066	1126.0000
53.9271	1154.0000
53.9476	1146.0000
53.9680	1170.0000
53.9885	1217.0000
54.0090	1137.0000
54.0294	1084.0000
54.0499	1131.0000
54.0703	1072.0000
54.0908	1129.0000
54.1113	1167.0000
54.1317	1094.0000
54.1522	1066.0000
54.1727	1118.0000
54.1931	1085.0000
54.2136	1107.0000
54.2340	1122.0000
54.2545	1153.0000
54.2750	1118.0000
54.2954	1119.0000
54.3159	1083.0000
54.3364	1141.0000
54.3568	1158.0000
54.3773	1088.0000
54.3977	1071.0000
54.4182	1105.0000
54.4387	1106.0000
54.4591	1127.0000
54.4796	1049.0000
54.5001	1110.0000
54.5205	1101.0000
54.5410	1075.0000
54.5614	1091.0000
54.5819	1127.0000
54.6024	1038.0000
54.6228	1070.0000
54.6433	1081.0000
54.6638	1113.0000
54.6842	1107.0000
54.7047	1082.0000
54.7251	1067.0000
54.7456	1113.0000
54.7661	1020.0000
54.7865	1103.0000
54.8070	1079.0000
54.8275	1141.0000
54.8479	1116.0000
54.8684	1130.0000
54.8888	1130.0000
54.9093	1102.0000
54.9298	1106.0000
54.9502	1087.0000
54.9707	1076.0000
54.9912	1089.0000
55.0116	1128.0000
55.0321	1138.0000
55.0525	1099.0000
55.0730	1111.0000
55.0935	1156.0000
55.1139	1145.0000
55.1344	1182.0000
55.1549	1059.0000
55.1753	1116.0000
55.1958	1112.0000
55.2162	1103.0000
55.2367	1222.0000
55.2572	1212.0000
55.2776	1140.0000
55.2981	1245.0000
55.3186	1157.0000
55.3390	1236.0000
55.3595	1267.0000
55.3800	1266.0000
55.4004	1284.0000
55.4209	1248.0000
55.4413	1249.0000
55.4618	1224.0000
55.4823	1193.0000
55.5027	1200.0000
55.5232	1188.0000
55.5437	1226.0000
55.5641	1170.0000
55.5846	1188.0000
55.6050	1201.0000
55.6255	1162.0000
55.6460	1154.0000
55.6664	1123.0000
55.6869	1102.0000
55.7074	1091.0000
55.7278	1129.0000
55.7483	1127.0000
55.7687	1105.0000
55.7892	1099.0000
55.8097	1055.0000
55.8301	1137.0000
55.8506	1171.0000
55.8711	1157.0000
55.8915	1086.0000
55.9120	1142.0000
55.9324	1159.0000
55.9529	1162.0000
55.9734	1154.0000
55.9938	1127.0000
56.0143	1105.0000
56.0348	1161.0000
56.0552	1113.0000
56.0757	1186.0000
56.0961	1177.0000
56.1166	1154.0000
56.1371	1101.0000
56.1575	1149.0000
56.1780	1184.0000
56.1985	1072.0000
56.2189	1170.0000
56.2394	1093.0000
56.2598	1158.0000
56.2803	1134.0000
56.3008	1118.0000
56.3212	1146.0000
56.3417	1128.0000
56.3622	1175.0000
56.3826	1174.0000
56.4031	1097.0000
56.4235	1181.0000
56.4440	1126.0000
56.4645	1103.0000
56.4849	1165.0000
56.5054	1127.0000
56.5259	1112.0000
56.5463	1219.0000
56.5668	1177.0000
56.5872	1241.0000
56.6077	1205.0000
56.6282	1203.0000
56.6486	1226.0000
56.6691	1198.0000
56.6896	1164.0000
56.7100	1218.0000
56.7305	1188.0000
56.7509	1179.0000
56.7714	1269.0000
56.7919	1229.0000
56.8123	1286.0000
56.8328	1206.0000
56.8533	1241.0000
56.8737	1170.0000
56.8942	1252.0000
56.9147	1254.0000
56.9351	1260.0000
56.9556	1244.0000
56.9760	1231.0000
56.9965	1248.0000
57.0170	1241.0000
57.0374	1192.0000
57.0579	1269.0000
57.0784	1242.0000
57.0988	1252.0000
57.1193	1242.0000
57.1397	1246.0000
57.1602	1261.0000
57.1807	1277.0000
57.2011	1223.0000
57.2216	1324.0000
57.2421	1251.0000
57.2625	1311.0000
57.2830	1215.0000
57.3034	1254.0000
57.3239	1225.0000
57.3444	1212.0000
57.3648	1296.0000
57.3853	1233.0000
57.4058	1255.0000
57.4262	1254.0000
57.4467	1260.0000
57.4671	1391.0000
57.4876	1345.0000
57.5081	1425.0000
57.5285	1469.0000
57.5490	1470.0000
57.5695	1521.0000
57.5899	1594.0000
57.6104	1665.0000
57.6308	1778.0000
57.6513	1786.0000
57.6718	1790.0000
57.6922	1938.0000
57.7127	1984.0000
57.7332	2056.0000
57.7536	2128.0000
57.7741	2059.0000
57.7945	2199.0000
57.8150	2309.0000
57.8355	2185.0000
57.8559	2362.0000
57.8764	2378.0000
57.8969	2408.0000
57.9173	2413.0000
57.9378	2510.0000
57.9582	2509.0000
57.9787	2468.0000
57.9992	2485.0000
58.0196	2416.0000
58.0401	2405.0000
58.0606	2337.0000
58.0810	2288.0000
58.1015	2233.0000
58.1219	2171.0000
58.1424	2196.0000
58.1629	2214.0000
58.1833	2133.0000
58.2038	2079.0000
58.2243	1970.0000
58.2447	2030.0000
58.2652	1896.0000
58.2856	1885.0000
58.3061	1814.0000
58.3266	1834.0000
58.3470	1812.0000
58.3675	1784.0000
58.3880	1823.0000
58.4084	1846.0000
58.4289	1741.0000
58.4494	1816.0000
58.4698	1807.0000
58.4903	1904.0000
58.5107	1867.0000
58.5312	1884.0000
58.5517	1927.0000
58.5721	1894.0000
58.5926	1860.0000
58.6131	1894.0000
58.6335	1816.0000
58.6540	1778.0000
58.6744	1832.0000
58.6949	1868.0000
58.7154	1768.0000
58.7358	1612.0000
58.7563	1654.0000
58.7768	1599.0000
58.7972	1522.0000
58.8177	1546.0000
58.8381	1469.0000
58.8586	1429.0000
58.8791	1449.0000
58.8995	1316.0000
58.9200	1344.0000
58.9405	1293.0000
58.9609	1237.0000
58.9814	1262.0000
59.0018	1225.0000
59.0223	1248.0000
59.0428	1243.0000
59.0632	1236.0000
59.0837	1205.0000
59.1042	1140.0000
59.1246	1152.0000
59.1451	1176.0000
59.1655	1174.0000
59.1860	1154.0000
59.2065	1172.0000
59.2269	1111.0000
59.2474	1144.0000
59.2679	1066.0000
59.2883	1079.0000
59.3088	1124.0000
59.3292	1139.0000
59.3497	1112.0000
59.3702	1061.0000
59.3906	1144.0000
59.4111	1093.0000
59.4316	1116.0000
59.4520	1120.0000
59.4725	1069.0000
59.4929	1130.0000
59.5134	1118.0000
59.5339	1101.0000
59.5543	1068.0000
59.5748	1056.0000
59.5953	1096.0000
59.6157	1176.0000
59.6362	1114.0000
59.6566	1057.0000
59.6771	1125.0000
59.6976	1104.0000
59.7180	1071.0000
59.7385	1138.0000
59.7590	1146.0000
59.7794	1137.0000
59.7999	1110.0000
59.8203	1073.0000
59.8408	1078.0000
59.8613	1173.0000
59.8817	1068.0000
59.9022	1090.0000
59.9227	1059.0000
59.9431	1078.0000
59.9636	1090.0000
59.9841	1135.0000
60.0045	1112.0000
60.0250	1057.0000
60.0454	1191.0000
60.0659	1153.0000
60.0864	1056.0000
60.1068	1113.0000
60.1273	1081.0000
60.1478	1104.0000
60.1682	1062.0000
60.1887	1024.0000
60.2091	1128.0000
60.2296	1044.0000
60.2501	1116.0000
60.2705	1144.0000
60.2910	1107.0000
60.3115	1084.0000
60.3319	1105.0000
60.3524	1079.0000
60.3728	1142.0000
60.3933	1092.0000
60.4138	1077.0000
60.4342	1071.0000
60.4547	1111.0000
60.4752	1110.0000
60.4956	1146.0000
60.5161	1084.0000
60.5365	1084.0000
60.5570	1113.0000
60.5775	1137.0000
60.5979	1089.0000
60.6184	1078.0000
60.6389	1081.0000
60.6593	1111.0000
60.6798	1127.0000
60.7002	1095.0000
60.7207	1088.0000
60.7412	1149.0000
60.7616	1084.0000
60.7821	1122.0000
60.8026	1060.0000
60.8230	1047.0000
60.8435	1124.0000
60.8639	1045.0000
60.8844	1107.0000
60.9049	1096.0000
60.9253	1061.0000
60.9458	1039.0000
60.9663	1056.0000
60.9867	1062.0000
61.0072	1120.0000
61.0276	1073.0000
61.0481	1110.0000
61.0686	1040.0000
61.0890	1071.0000
61.1095	1113.0000
61.1300	1088.0000
61.1504	1062.0000
61.1709	1064.0000
61.1913	1061.0000
61.2118	1055.0000
61.2323	1020.0000
61.2527	1059.0000
61.2732	1071.0000
61.2937	1061.0000
61.3141	1113.0000
61.3346	1080.0000
61.3550	1014.0000
61.3755	1084.0000
61.3960	1164.0000
61.4164	1045.0000
61.4369	1069.0000
61.4574	1046.0000
61.4778	1087.0000
61.4983	1069.0000
61.5188	1010.0000
61.5392	1072.0000
61.5597	1050.0000
61.5801	1059.0000
61.6006	1062.0000
61.6211	1050.0000
61.6415	1119.0000
61.6620	1119.0000
61.6825	1067.0000
61.7029	1101.0000
61.7234	1114.0000
61.7438	1054.0000
61.7643	1049.0000
61.7848	1123.0000
61.8052	1105.0000
61.8257	1030.0000
61.8462	1072.0000
61.8666	1111.0000
61.8871	1041.0000
61.9075	1075.0000
61.9280	1117.0000
61.9485	1099.0000
61.9689	1048.0000
61.9894	1079.0000
62.0099	1102.0000
62.0303	1064.0000
62.0508	1099.0000
62.0712	1124.0000
62.0917	1029.0000
62.1122	1071.0000
62.1326	1065.0000
62.1531	1065.0000
62.1736	1098.0000
62.1940	1072.0000
62.2145	1056.0000
62.2349	1063.0000
62.2554	1052.0000
62.2759	1123.0000
62.2963	1096.0000
62.3168	1108.0000
62.3373	1089.0000
62.3577	1101.0000
62.3782	1084.0000
62.3986	1082.0000
62.4191	1033.0000
62.4396	1049.0000
62.4600	1078.0000
62.4805	1042.0000
62.5010	1057.0000
62.5214	1127.0000
62.5419	1112.0000
62.5623	1042.0000
62.5828	1070.0000
62.6033	1057.0000
62.6237	1129.0000
62.6442	1099.0000
62.6647	1024.0000
62.6851	1146.0000
62.7056	1110.0000
62.7260	1134.0000
62.7465	1001.0000
62.7670	1084.0000
62.7874	1061.0000
62.8079	1048.0000
62.8284	1120.0000
62.8488	1136.0000
62.8693	1042.0000
62.8897	1119.0000
62.9102	1109.0000
62.9307	1111.0000
62.9511	1111.0000
62.9716	1036.0000
62.9921	1091.0000
63.0125	1113.0000
63.0330	1085.0000
63.0535	1066.0000
63.0739	1090.0000
63.0944	1077.0000
63.1148	1083.0000
63.1353	1044.0000
63.1558	1088.0000
63.1762	1115.0000
63.1967	1117.0000
63.2172	1113.0000
63.2376	1122.0000
63.2581	1074.0000
63.2785	1190.0000
63.2990	1201.0000
63.3195	1138.0000
63.3399	1165.0000
63.3604	1164.0000
63.3809	1200.0000
63.4013	1123.0000
63.4218	1152.0000
63.4422	1187.0000
63.4627	1134.0000
63.4832	1130.0000
63.5036	1177.0000
63.5241	1207.0000
63.5446	1106.0000
63.5650	1160.0000
63.5855	1107.0000
63.6059	1202.0000
63.6264	1135.0000
63.6469	1146.0000
63.6673	1097.0000
63.6878	1138.0000
63.7083	1107.0000
63.7287	1112.0000
63.7492	1089.0000
63.7696	1107.0000
63.7901	1052.0000
63.8106	1115.0000
63.8310	1080.0000
63.8515	1125.0000
63.8720	1115.0000
63.8924	1079.0000
63.9129	1063.0000
63.9333	1122.0000
63.9538	1086.0000
63.9743	1132.0000
63.9947	1109.0000
64.0152	1069.0000
64.0357	1136.0000
64.0561	1163.0000
64.0766	1091.0000
64.0970	1118.0000
64.1175	1128.0000
64.1380	1089.0000
64.1584	1144.0000
64.1789	1095.0000
64.1994	1104.0000
64.2198	1114.0000
64.2403	1116.0000
64.2607	1112.0000
64.2812	1102.0000
64.3017	1139.0000
64.3221	1102.0000
64.3426	1116.0000
64.3631	1096.0000
64.3835	1091.0000
64.4040	1133.0000
64.4244	1059.0000
64.4449	1135.0000
64.4654	1138.0000
64.4858	1110.0000
64.5063	1097.0000
64.5268	1125.0000
64.5472	1067.0000
64.5677	1094.0000
64.5882	1003.0000
64.6086	1058.0000
64.6291	1053.0000
64.6495	1065.0000
64.6700	1070.0000
64.6905	1076.0000
64.7109	1039.0000
64.7314	1004.0000
64.7519	1057.0000
64.7723	1018.0000
64.7928	1078.0000
64.8132	1034.0000
64.8337	1074.0000
64.8542	1010.0000
64.8746	1123.0000
64.8951	1113.0000
64.9156	1092.0000
64.9360	1129.0000
64.9565	1145.0000
64.9769	1112.0000
64.9974	1074.0000
65.0179	1001.0000
65.0383	1093.0000
65.0588	1124.0000
65.0793	1063.0000
65.0997	1101.0000
65.1202	1055.0000
65.1406	1102.0000
65.1611	1095.0000
65.1816	1116.0000
65.2020	1088.0000
65.2225	1066.0000
65.2430	1081.0000
65.2634	1105.0000
65.2839	1055.0000
65.3043	1141.0000
65.3248	1138.0000
65.3453	1046.0000
65.3657	1124.0000
65.3862	1086.0000
65.4067	1088.0000
65.4271	1136.0000
65.4476	1129.0000
65.4680	1127.0000
65.4885	1058.0000
65.5090	1066.0000
65.5294	1149.0000
65.5499	1139.0000
65.5704	1156.0000
65.5908	1136.0000
65.6113	1169.0000
65.6317	1154.0000
65.6522	1069.0000
65.6727	1164.0000
65.6931	1188.0000
65.7136	1214.0000
65.7341	1135.0000
65.7545	1148.0000
65.7750	1198.0000
65.7954	1142.0000
65.8159	1125.0000
65.8364	1217.0000
65.8568	1126.0000
65.8773	1226.0000
65.8978	1227.0000
65.9182	1243.0000
65.9387	1149.0000
65.9591	1219.0000
65.9796	1163.0000
66.0001	1148.0000
66.0205	1217.0000
66.0410	1154.0000
66.0615	1161.0000
66.0819	1076.0000
66.1024	1200.0000
66.1229	1120.0000
66.1433	1133.0000
66.1638	1086.0000
66.1842	1117.0000
66.2047	1075.0000
66.2252	1094.0000
66.2456	1131.0000
66.2661	1096.0000
66.2866	1113.0000
66.3070	1147.0000
66.3275	1091.0000
66.3479	1033.0000
66.3684	1061.0000
66.3889	1130.0000
66.4093	1126.0000
66.4298	1074.0000
66.4503	1109.0000
66.4707	1107.0000
66.4912	1105.0000
66.5116	1044.0000
66.5321	1087.0000
66.5526	1172.0000
66.5730	1086.0000
66.5935	1066.0000
66.6140	1016.0000
66.6344	1070.0000
66.6549	1085.0000
66.6753	1061.0000
66.6958	1087.0000
66.7163	1085.0000
66.7367	1164.0000
66.7572	1037.0000
66.7777	1103.0000
66.7981	1079.0000
66.8186	1110.0000
66.8390	1154.0000
66.8595	1043.0000
66.8800	1100.0000
66.9004	1139.0000
66.9209	1120.0000
66.9414	1034.0000
66.9618	1107.0000
66.9823	1082.0000
67.0027	1106.0000
67.0232	1099.0000
67.0437	1122.0000
67.0641	1141.0000
67.0846	1055.0000
67.1051	1109.0000
67.1255	1185.0000
67.1460	1183.0000
67.1664	1195.0000
67.1869	1121.0000
67.2074	1133.0000
67.2278	1110.0000
67.2483	1105.0000
67.2688	1132.0000
67.2892	1207.0000
67.3097	1154.0000
67.3301	1189.0000
67.3506	1153.0000
67.3711	1177.0000
67.3915	1146.0000
67.4120	1164.0000
67.4325	1158.0000
67.4529	1164.0000
67.4734	1190.0000
67.4938	1221.0000
67.5143	1227.0000
67.5348	1207.0000
67.5552	1298.0000
67.5757	1298.0000
67.5962	1304.0000
67.6166	1277.0000
67.6371	1265.0000
67.6576	1326.0000
67.6780	1344.0000
67.6985	1332.0000
67.7189	1381.0000
67.7394	1374.0000
67.7599	1453.0000
67.7803	1402.0000
67.8008	1447.0000
67.8213	1501.0000
67.8417	1481.0000
67.8622	1387.0000
67.8826	1459.0000
67.9031	1428.0000
67.9236	1513.0000
67.9440	1469.0000
67.9645	1504.0000
67.9850	1491.0000
68.0054	1386.0000
68.0259	1538.0000
68.0463	1410.0000
68.0668	1459.0000
68.0873	1397.0000
68.1077	1404.0000
68.1282	1474.0000
68.1487	1333.0000
68.1691	1351.0000
68.1896	1324.0000
68.2100	1339.0000
68.2305	1289.0000
68.2510	1272.0000
68.2714	1396.0000
68.2919	1345.0000
68.3124	1343.0000
68.3328	1365.0000
68.3533	1284.0000
68.3737	1294.0000
68.3942	1303.0000
68.4147	1369.0000
68.4351	1385.0000
68.4556	1320.0000
68.4761	1302.0000
68.4965	1278.0000
68.5170	1316.0000
68.5374	1322.0000
68.5579	1314.0000
68.5784	1371.0000
68.5988	1367.0000
68.6193	1360.0000
68.6398	1406.0000
68.6602	1386.0000
68.6807	1489.0000
68.7011	1388.0000
68.7216	1518.0000
68.7421	1445.0000
68.7625	1549.0000
68.7830	1517.0000
68.8035	1489.0000
68.8239	1442.0000
68.8444	1378.0000
68.8648	1380.0000
68.8853	1405.0000
68.9058	1386.0000
68.9262	1424.0000
68.9467	1386.0000
68.9672	1381.0000
68.9876	1421.0000
69.0081	1392.0000
69.0285	1313.0000
69.0490	1370.0000
69.0695	1374.0000
69.0899	1246.0000
69.1104	1259.0000
69.1309	1198.0000
69.1513	1252.0000
69.1718	1280.0000
69.1923	1203.0000
69.2127	1224.0000
69.2332	1215.0000
69.2536	1205.0000
69.2741	1140.0000
69.2946	1195.0000
69.3150	1166.0000
69.3355	1153.0000
69.3560	1137.0000
69.3764	1133.0000
69.3969	1081.0000
69.4173	1154.0000
69.4378	1126.0000
69.4583	1146.0000
69.4787	1104.0000
69.4992	1143.0000
69.5197	1123.0000
69.5401	1076.0000
69.5606	1159.0000
69.5810	1133.0000
69.6015	1134.0000
69.6220	1148.0000
69.6424	1100.0000
69.6629	1075.0000
69.6834	1115.0000
69.7038	1087.0000
69.7243	1102.0000
69.7447	1099.0000
69.7652	1125.0000
69.7857	1166.0000
69.8061	1089.0000
69.8266	1062.0000
69.8471	1094.0000
69.8675	1114.0000
69.8880	1057.0000
69.9084	1085.0000
69.9289	1067.0000
69.9494	1112.0000
69.9698	1089.0000
69.9903	1105.0000
70.0108	1046.0000
70.0312	1103.0000
70.0517	1105.0000
70.0721	1029.0000
70.0926	1024.0000
70.1131	1112.0000
70.1335	1076.0000
70.1540	1030.0000
70.1745	1035.0000
70.1949	1077.0000
70.2154	1046.0000
70.2358	1085.0000
70.2563	1108.0000
70.2768	1040.0000
70.2972	1144.0000
70.3177	1080.0000
70.3382	1081.0000
70.3586	1068.0000
70.3791	1022.0000
70.3995	1047.0000
70.4200	1085.0000
70.4405	1073.0000
70.4609	1135.0000
70.4814	1054.0000
70.5019	1063.0000
70.5223	1081.0000
70.5428	1060.0000
70.5632	1075.0000
70.5837	1127.0000
70.6042	1019.0000
70.6246	1067.0000
70.6451	1082.0000
70.6656	1058.0000
70.6860	1091.0000
70.7065	1052.0000
70.7270	1086.0000
70.7474	1047.0000
70.7679	1055.0000
70.7883	1063.0000
70.8088	1099.0000
70.8293	1072.0000
70.8497	1083.0000
70.8702	1074.0000
70.8907	1091.0000
70.9111	1106.0000
70.9316	993.0000
70.9520	1117.0000
70.9725	1087.0000
70.9930	1088.0000
71.0134	1042.0000
71.0339	1092.0000
71.0544	1063.0000
71.0748	1068.0000
71.0953	1052.0000
71.1157	1098.0000
71.1362	1056.0000
71.1567	1010.0000
71.1771	1006.0000
71.1976	1061.0000
71.2181	1028.0000
71.2385	1082.0000
71.2590	1098.0000
71.2794	1060.0000
71.2999	1078.0000
71.3204	1088.0000
71.3408	1045.0000
71.3613	1136.0000
71.3818	1114.0000
71.4022	1058.0000
71.4227	1082.0000
71.4431	1034.0000
71.4636	995.0000
71.4841	1048.0000
71.5045	1061.0000
71.5250	1096.0000
71.5455	1031.0000
71.5659	1081.0000
71.5864	1030.0000
71.6068	1141.0000
71.6273	1041.0000
71.6478	1071.0000
71.6682	1094.0000
71.6887	1060.0000
71.7092	1080.0000
71.7296	1085.0000
71.7501	1066.0000
71.7705	1084.0000
71.7910	1091.0000
71.8115	1072.0000
71.8319	1088.0000
71.8524	1120.0000
71.8729	1076.0000
71.8933	1073.0000
71.9138	1118.0000
71.9342	1118.0000
71.9547	1099.0000
71.9752	1111.0000
71.9956	1012.0000
72.0161	1079.0000
72.0366	1078.0000
72.0570	1090.0000
72.0775	1092.0000
72.0979	1105.0000
72.1184	1135.0000
72.1389	1076.0000
72.1593	1199.0000
72.1798	1139.0000
72.2003	1109.0000
72.2207	1124.0000
72.2412	1118.0000
72.2617	1119.0000
72.2821	1094.0000
72.3026	1091.0000
72.3230	1118.0000
72.3435	1205.0000
72.3640	1036.0000
72.3844	1141.0000
72.4049	1163.0000
72.4254	1119.0000
72.4458	1104.0000
72.4663	1162.0000
72.4867	1106.0000
72.5072	1118.0000
72.5277	1164.0000
72.5481	1137.0000
72.5686	1164.0000
72.5891	1156.0000
72.6095	1117.0000
72.6300	1096.0000
72.6504	1170.0000
72.6709	1139.0000
72.6914	1173.0000
72.7118	1142.0000
72.7323	1179.0000
72.7528	1112.0000
72.7732	1179.0000
72.7937	1189.0000
72.8141	1111.0000
72.8346	1101.0000
72.8551	1156.0000
72.8755	1191.0000
72.8960	1146.0000
72.9165	1137.0000
72.9369	1040.0000
72.9574	1133.0000
72.9778	1120.0000
72.9983	1165.0000
73.0188	1100.0000
73.0392	1107.0000
73.0597	1106.0000
73.0802	1122.0000
73.1006	1069.0000
73.1211	1148.0000
73.1415	1138.0000
73.1620	1133.0000
73.1825	1131.0000
73.2029	1154.0000
73.2234	1085.0000
73.2439	1031.0000
73.2643	1072.0000
73.2848	1088.0000
73.3052	1083.0000
73.3257	1046.0000
73.3462	1076.0000
73.3666	1163.0000
73.3871	1086.0000
73.4076	1123.0000
73.4280	1137.0000
73.4485	1101.0000
73.4689	1102.0000
73.4894	1100.0000
73.5099	1099.0000
73.5303	1138.0000
73.5508	1111.0000
73.5713	1081.0000
73.5917	1091.0000
73.6122	1155.0000
73.6326	1169.0000
73.6531	1107.0000
73.6736	1104.0000
73.6940	1140.0000
73.7145	1056.0000
73.7350	1136.0000
73.7554	1114.0000
73.7759	1142.0000
73.7964	1133.0000
73.8168	1108.0000
73.8373	1044.0000
73.8577	1115.0000
73.8782	1149.0000
73.8987	1083.0000
73.9191	1154.0000
73.9396	1116.0000
73.9601	1101.0000
73.9805	1078.0000
74.0010	1091.0000
74.0214	1065.0000
74.0419	1104.0000
74.0624	1167.0000
74.0828	1104.0000
74.1033	1120.0000
74.1238	1117.0000
74.1442	1109.0000
74.1647	1129.0000
74.1851	1153.0000
74.2056	1098.0000
74.2261	1097.0000
74.2465	1059.0000
74.2670	1053.0000
74.2875	1087.0000
74.3079	1152.0000
74.3284	1104.0000
74.3488	1093.0000
74.3693	1096.0000
74.3898	1056.0000
74.4102	1123.0000
74.4307	1132.0000
74.4512	1049.0000
74.4716	1080.0000
74.4921	1141.0000
74.5125	1091.0000
74.5330	1083.0000
74.5535	1126.0000
74.5739	1011.0000
74.5944	1103.0000
74.6149	1100.0000
74.6353	1113.0000
74.6558	1137.0000
74.6762	1110.0000
74.6967	1088.0000
74.7172	1093.0000
74.7376	1102.0000
74.7581	1093.0000
74.7786	1216.0000
74.7990	1167.0000
74.8195	1151.0000
74.8399	1075.0000
74.8604	1097.0000
74.8809	1052.0000
74.9013	1136.0000
74.9218	1097.0000
74.9423	1147.0000
74.9627	1047.0000
74.9832	1128.0000
75.0036	1063.0000
75.0241	1159.0000
75.0446	1136.0000
75.0650	1119.0000
75.0855	1118.0000
75.1060	1069.0000
75.1264	1094.0000
75.1469	1102.0000
75.1673	1074.0000
75.1878	1140.0000
75.2083	1113.0000
75.2287	1097.0000
75.2492	1088.0000
75.2697	1041.0000
75.2901	1143.0000
75.3106	1087.0000
75.3311	1108.0000
75.3515	1130.0000
75.3720	1097.0000
75.3924	1065.0000
75.4129	1188.0000
75.4334	1084.0000
75.4538	1127.0000
75.4743	1112.0000
75.4948	1100.0000
75.5152	1171.0000
75.5357	1189.0000
75.5561	1135.0000
75.5766	1017.0000
75.5971	1185.0000
75.6175	1062.0000
75.6380	1082.0000
75.6585	1120.0000
75.6789	1085.0000
75.6994	1080.0000
75.7198	1101.0000
75.7403	1097.0000
75.7608	1128.0000
75.7812	1088.0000
75.8017	1127.0000
75.8222	1087.0000
75.8426	1125.0000
75.8631	1075.0000
75.8835	1115.0000
75.9040	1086.0000
75.9245	1121.0000
75.9449	1095.0000
75.9654	1100.0000
75.9859	1141.0000
76.0063	1127.0000
76.0268	1118.0000
76.0472	1087.0000
76.0677	1087.0000
76.0882	1110.0000
76.1086	1163.0000
76.1291	1145.0000
76.1496	1122.0000
76.1700	1102.0000
76.1905	1212.0000
76.2109	1140.0000
76.2314	1134.0000
76.2519	1098.0000
76.2723	1134.0000
76.2928	1108.0000
76.3133	1117.0000
76.3337	1074.0000
76.3542	1119.0000
76.3746	1062.0000
76.3951	1089.0000
76.4156	1107.0000
76.4360	1172.0000
76.4565	1065.0000
76.4770	1115.0000
76.4974	1168.0000
76.5179	1118.0000
76.5383	1107.0000
76.5588	1103.0000
76.5793	1117.0000
76.5997	1141.0000
76.6202	1164.0000
76.6407	1192.0000
76.6611	1146.0000
76.6816	1140.0000
76.7020	1224.0000
76.7225	1218.0000
76.7430	1133.0000
76.7634	1161.0000
76.7839	1213.0000
76.8044	1178.0000
76.8248	1196.0000
76.8453	1196.0000
76.8658	1178.0000
76.8862	1209.0000
76.9067	1283.0000
76.9271	1321.0000
76.9476	1265.0000
76.9681	1267.0000
76.9885	1337.0000
77.0090	1303.0000
77.0295	1306.0000
77.0499	1375.0000
77.0704	1376.0000
77.0908	1371.0000
77.1113	1335.0000
77.1318	1405.0000
77.1522	1407.0000
77.1727	1421.0000
77.1932	1471.0000
77.2136	1386.0000
77.2341	1389.0000
77.2545	1388.0000
77.2750	1412.0000
77.2955	1348.0000
77.3159	1470.0000
77.3364	1476.0000
77.3569	1376.0000
77.3773	1404.0000
77.3978	1402.0000
77.4182	1331.0000
77.4387	1380.0000
77.4592	1400.0000
77.4796	1329.0000
77.5001	1347.0000
77.5206	1310.0000
77.5410	1323.0000
77.5615	1317.0000
77.5819	1323.0000
77.6024	1301.0000
77.6229	1288.0000
77.6433	1282.0000
77.6638	1234.0000
77.6843	1283.0000
77.7047	1297.0000
77.7252	1309.0000
77.7456	1334.0000
77.7661	1370.0000
77.7866	1330.0000
77.8070	1336.0000
77.8275	1319.0000
77.8480	1307.0000
77.8684	1316.0000
77.8889	1312.0000
77.9093	1379.0000
77.9298	1284.0000
77.9503	1318.0000
77.9707	1411.0000
77.9912	1381.0000
78.0117	1346.0000
78.0321	1338.0000
78.0526	1363.0000
78.0730	1309.0000
78.0935	1360.0000
78.1140	1305.0000
78.1344	1352.0000
78.1549	1383.0000
78.1754	1375.0000
78.1958	1346.0000
78.2163	1384.0000
78.2367	1387.0000
78.2572	1380.0000
78.2777	1340.0000
78.2981	1409.0000
78.3186	1305.0000
78.3391	1347.0000
78.3595	1389.0000
78.3800	1342.0000
78.4005	1318.0000
78.4209	1301.0000
78.4414	1298.0000
78.4618	1251.0000
78.4823	1282.0000
78.5028	1331.0000
78.5232	1351.0000
78.5437	1336.0000
78.5642	1317.0000
78.5846	1295.0000
78.6051	1277.0000
78.6255	1293.0000
78.6460	1220.0000
78.6665	1236.0000
78.6869	1278.0000
78.7074	1260.0000
78.7279	1216.0000
78.7483	1259.0000
78.7688	1187.0000
78.7892	1199.0000
78.8097	1184.0000
78.8302	1152.0000
78.8506	1115.0000
78.8711	1196.0000
78.8916	1156.0000
78.9120	1194.0000
78.9325	1173.0000
78.9529	1137.0000
78.9734	1110.0000
78.9939	1142.0000
79.0143	1093.0000
79.0348	1153.0000
79.0553	1143.0000
79.0757	1127.0000
79.0962	1151.0000
79.1166	1116.0000
79.1371	1137.0000
79.1576	1123.0000
79.1780	1085.0000
79.1985	1026.0000
79.2190	1124.0000
79.2394	1124.0000
79.2599	1115.0000
79.2803	1111.0000
79.3008	1144.0000
79.3213	1095.0000
79.3417	1134.0000
79.3622	1072.0000
79.3827	1065.0000
79.4031	1117.0000
79.4236	1090.0000
79.4440	1071.0000
79.4645	1120.0000
79.4850	1107.0000
79.5054	1068.0000
79.5259	1059.0000
79.5464	1039.0000
79.5668	1108.0000
79.5873	1102.0000
79.6077	1047.0000
79.6282	1128.0000
79.6487	1067.0000
79.6691	1012.0000
79.6896	1082.0000
79.7101	1068.0000
79.7305	1103.0000
79.7510	1064.0000
79.7714	1048.0000
79.7919	1100.0000
79.8124	1065.0000
79.8328	1041.0000
79.8533	1067.0000
79.8738	1139.0000
79.8942	1084.0000
79.9147	1062.0000
79.9352	1067.0000
79.9556	1074.0000
79.9761	1086.0000
79.9965	1041.0000
