Version 1.25
******************************************** Units *******************************************
System CGS
TemperatureUnit K
MomentUnit emu
AppliedFieldUnit G
 
******************************************** Setup ********************************************
 
Experiment Hysteresis
Minor False
Acquisition Continuous
EditedPoint No
MaxField 20000
FieldIncrement 200.501253132832
Points 400
MinField 0
RampRate 50.125313283208
AverageTime 4
TimeInterval 0
TimeConstant 0.3
TimeConstantIndex 1
Sensitivity 0.01
SensitivityIndex 5
SensitivityY 0.1
SensitivityIndexY 4
SaturationField 8000
ExperimentTime 1600
Use735Domains False
AutoRangeEnabled False
NumberOfVertices 3
VertexPts
0
200
399
VertexField
20000
-20000
20000
StartAngle 0
EndAngle 0
AngleIncrement 0
StartTemp 0
FinishTemp 0
TempIncrement 0
TempPoints 0
LengthofSetPointsArray 400
SetPointArray
20000
19800
19600
19400
19200
19000
18800
18600
18400
18200
18000
17800
17600
17400
17200
17000
16800
16600
16400
16200
16000
15800
15600
15400
15200
15000
14800
14600
14400
14200
14000
13800
13600
13400
13200
13000
12800
12600
12400
12200
12000
11800
11600
11400
11200
11000
10800
10600
10400
10200
10000
9800
9600
9400
9200
9000
8800
8600
8400
8200
8000
7800
7600
7400
7200
7000
6800
6600
6400
6200
6000
5800
5600
5400
5200
5000
4800
4600
4400
4200
4000
3800
3600
3400
3200
3000
2800
2600
2400
2200
2000
1800
1600
1400
1200
1000
800
600
400
200
0
-200
-400
-600
-800
-1000
-1200
-1400
-1600
-1800
-2000
-2200
-2400
-2600
-2800
-3000
-3200
-3400
-3600
-3800
-4000
-4200
-4400
-4600
-4800
-5000
-5200
-5400
-5600
-5800
-6000
-6200
-6400
-6600
-6800
-7000
-7200
-7400
-7600
-7800
-8000
-8200
-8400
-8600
-8800
-9000
-9200
-9400
-9600
-9800
-10000
-10200
-10400
-10600
-10800
-11000
-11200
-11400
-11600
-11800
-12000
-12200
-12400
-12600
-12800
-13000
-13200
-13400
-13600
-13800
-14000
-14200
-14400
-14600
-14800
-15000
-15200
-15400
-15600
-15800
-16000
-16200
-16400
-16600
-16800
-17000
-17200
-17400
-17600
-17800
-18000
-18200
-18400
-18600
-18800
-19000
-19200
-19400
-19600
-19800
-20000
-19798.9949748744
-19597.9899497487
-19396.9849246231
-19195.9798994975
-18994.9748743719
-18793.9698492462
-18592.9648241206
-18391.959798995
-18190.9547738693
-17989.9497487437
-17788.9447236181
-17587.9396984925
-17386.9346733668
-17185.9296482412
-16984.9246231156
-16783.9195979899
-16582.9145728643
-16381.9095477387
-16180.9045226131
-15979.8994974874
-15778.8944723618
-15577.8894472362
-15376.8844221105
-15175.8793969849
-14974.8743718593
-14773.8693467336
-14572.864321608
-14371.8592964824
-14170.8542713568
-13969.8492462311
-13768.8442211055
-13567.8391959799
-13366.8341708542
-13165.8291457286
-12964.824120603
-12763.8190954774
-12562.8140703517
-12361.8090452261
-12160.8040201005
-11959.7989949748
-11758.7939698492
-11557.7889447236
-11356.783919598
-11155.7788944723
-10954.7738693467
-10753.7688442211
-10552.7638190954
-10351.7587939698
-10150.7537688442
-9949.74874371856
-9748.74371859293
-9547.7386934673
-9346.73366834167
-9145.72864321604
-8944.72361809041
-8743.71859296478
-8542.71356783915
-8341.70854271352
-8140.7035175879
-7939.69849246227
-7738.69346733664
-7537.68844221101
-7336.68341708538
-7135.67839195976
-6934.67336683413
-6733.6683417085
-6532.66331658287
-6331.65829145724
-6130.65326633162
-5929.64824120599
-5728.64321608036
-5527.63819095473
-5326.6331658291
-5125.62814070348
-4924.62311557785
-4723.61809045222
-4522.61306532659
-4321.60804020096
-4120.60301507534
-3919.59798994971
-3718.59296482408
-3517.58793969845
-3316.58291457282
-3115.5778894472
-2914.57286432157
-2713.56783919594
-2512.56281407031
-2311.55778894468
-2110.55276381906
-1909.54773869343
-1708.5427135678
-1507.53768844217
-1306.53266331654
-1105.52763819092
-904.522613065288
-703.51758793966
-502.512562814031
-301.507537688403
-100.502512562775
100.502512562853
301.507537688481
502.512562814109
703.517587939738
904.522613065366
1105.52763819099
1306.53266331662
1507.53768844225
1708.54271356788
1909.54773869351
2110.55276381913
2311.55778894476
2512.56281407039
2713.56783919602
2914.57286432165
3115.57788944727
3316.5829145729
3517.58793969853
3718.59296482416
3919.59798994979
4120.60301507542
4321.60804020104
4522.61306532667
4723.6180904523
4924.62311557793
5125.62814070355
5326.63316582918
5527.63819095481
5728.64321608044
5929.64824120607
6130.65326633169
6331.65829145732
6532.66331658295
6733.66834170858
6934.67336683421
7135.67839195983
7336.68341708546
7537.68844221109
7738.69346733672
7939.69849246235
8140.70351758797
8341.7085427136
8542.71356783923
8743.71859296486
8944.72361809049
9145.72864321612
9346.73366834175
9547.73869346738
9748.743718593
9949.74874371863
10150.7537688443
10351.7587939699
10552.7638190955
10753.7688442211
10954.7738693468
11155.7788944724
11356.783919598
11557.7889447237
11758.7939698493
11959.7989949749
12160.8040201006
12361.8090452262
12562.8140703518
12763.8190954774
12964.8241206031
13165.8291457287
13366.8341708543
13567.83919598
13768.8442211056
13969.8492462312
14170.8542713568
14371.8592964825
14572.8643216081
14773.8693467337
14974.8743718594
15175.879396985
15376.8844221106
15577.8894472362
15778.8944723619
15979.8994974875
16180.9045226131
16381.9095477388
16582.9145728644
16783.91959799
16984.9246231156
17185.9296482413
17386.9346733669
17587.9396984925
17788.9447236182
17989.9497487438
18190.9547738694
18391.959798995
18592.9648241207
18793.9698492463
18994.9748743719
19195.9798994976
19396.9849246232
19597.9899497488
19798.9949748744
20000
FieldDomainFile C:\IDEASVSM\Elin\Experiments\ciclo1T\fdomain.ini
TempDomainFile C:\IDEASVSM\Elin\Experiments\ciclo1T\tdomain.ini
NumSelectedResults 0
ResultsSelected 
UserName1 
UserValue1 
UserName2 
UserValue2 
LinearBackgroundCorrection Off
MaxLinearFieldCorrection 
MinLinearFieldCorrection 
AutoLinearCorrection Off
FitOneRegion Off
BackgroundMode Off
BackgroundFilename 
AutoCenter Off
OffsetCorrection 
SmoothDeriv Off
DerivOrder 0
DerivPoints 0
MinExFieldOne 
MaxExFieldOne 
MinExFieldTwo 
MaxExFieldTwo 
MinPinFieldOne 
MaxPinFieldOne 
MinPinFieldTwo 
MaxPinFieldTwo 
HCenterStart 
Mass 
Volume 
Density 
MolarWeight 
NumberOfMoles 
Demagnetization 
SampleArea 
Thickness 
MomentScaling 0
XAxis 0
YAxis 0
SimpleSpinValve False
HsatMax 0
HsatMin 0
FieldAutoRange True
 
*************************************************** Experiment Data ********************************************
 
DataPoints 400
MomentX Data
0.00565747
0.00565149
0.0056439
0.00563993
0.00562708
0.00561992
0.00560722
0.00559374
0.00558388
0.0055635
0.0055507
0.00553412
0.00551746
0.00550789
0.00548437
0.00547465
0.00545147
0.00543338
0.00542278
0.00540536
0.00538493
0.00536412
0.00534959
0.00532684
0.00530399
0.00528753
0.00527344
0.00524428
0.00522105
0.00519419
0.00517475
0.00515967
0.00513814
0.00510336
0.00509587
0.0050716
0.00504327
0.00501265
0.00500569
0.00496863
0.0049412
0.00493303
0.00490326
0.00487886
0.0048474
0.00482412
0.00479055
0.00476973
0.00474475
0.00471804
0.00469415
0.00466246
0.00462834
0.0046062
0.00456658
0.00454725
0.00451314
0.00448765
0.00446234
0.00442053
0.00438544
0.00437232
0.00433452
0.00430408
0.00427571
0.00424241
0.00421237
0.00418043
0.0041383
0.00411207
0.0040823
0.0040472
0.00401373
0.00397209
0.00393268
0.00390709
0.00386672
0.00382819
0.00378741
0.00376162
0.00370983
0.00367943
0.0036349
0.00360038
0.00355102
0.00349893
0.00345423
0.00343581
0.00335921
0.00334375
0.00331587
0.00323172
0.00321171
0.0031537
0.00310802
0.00303764
0.00301757
0.00295899
0.00289939
0.00286476
0.00278312
0.00272786
0.00265457
0.00257556
0.00252224
0.0024445
0.00236975
0.00231708
0.00222589
0.00213569
0.00204253
0.00194212
0.00182128
0.00167433
0.00149786
0.00134211
0.0011507
0.000950557
0.000770411
0.000564553
0.000395218
0.000211935
0.0000478442
-0.000103921
-0.000261098
-0.000412325
-0.000546008
-0.000681406
-0.00080543
-0.00094435
-0.00107207
-0.00119346
-0.0013396
-0.00147265
-0.00160932
-0.00176737
-0.00192744
-0.00212918
-0.00234989
-0.00259883
-0.00285393
-0.00312936
-0.00339505
-0.00364676
-0.00387864
-0.00405841
-0.00421326
-0.0043458
-0.00444362
-0.00454539
-0.00462522
-0.00469202
-0.00475372
-0.00480881
-0.00486709
-0.00491082
-0.00495348
-0.00498942
-0.00502375
-0.00506497
-0.00509766
-0.00513032
-0.00515365
-0.00518689
-0.00522114
-0.00524597
-0.00526117
-0.00529419
-0.00531293
-0.00532949
-0.00535023
-0.00538283
-0.00540904
-0.00543394
-0.00545009
-0.00547075
-0.00549518
-0.00551423
-0.0055317
-0.00555262
-0.00558051
-0.00559079
-0.00561081
-0.00564061
-0.0056554
-0.00566995
-0.00569169
-0.00570669
-0.00572408
-0.00573447
-0.00575702
-0.00577313
-0.00578767
-0.00580312
-0.00582056
-0.00583293
-0.00584852
-0.0058581
-0.00586869
-0.00588469
-0.00589424
-0.00588387
-0.00587197
-0.00586103
-0.00585014
-0.00583664
-0.00582054
-0.00580552
-0.00579214
-0.00577596
-0.0057537
-0.00574498
-0.0057286
-0.00570934
-0.00569007
-0.00567109
-0.00565467
-0.00563713
-0.00561436
-0.00559758
-0.00557428
-0.00555645
-0.00553319
-0.00551439
-0.00550567
-0.00547707
-0.0054482
-0.00542069
-0.00540618
-0.00537727
-0.00536149
-0.00532266
-0.00531379
-0.00529658
-0.00511437
-0.0052387
-0.00520693
-0.00519171
-0.00522686
-0.0051456
-0.00511603
-0.00508811
-0.0050682
-0.00503006
-0.00501437
-0.00499348
-0.00494731
-0.00492203
-0.00489352
-0.00486968
-0.00484644
-0.00480638
-0.0047836
-0.00475768
-0.00473186
-0.00469921
-0.0046677
-0.00463375
-0.00462266
-0.00456752
-0.00453709
-0.0045168
-0.00447993
-0.00444029
-0.00441547
-0.00438433
-0.00434576
-0.0043215
-0.00429101
-0.00424394
-0.00420512
-0.00418567
-0.00415661
-0.00411449
-0.00406444
-0.00404589
-0.00399677
-0.00397572
-0.00392063
-0.00386326
-0.00383013
-0.00377779
-0.00374291
-0.00372646
-0.00364957
-0.00359932
-0.00356919
-0.00351207
-0.0034802
-0.00341562
-0.00336377
-0.00330859
-0.00329071
-0.00322512
-0.00317271
-0.00311593
-0.00306276
-0.00299929
-0.00294165
-0.00286969
-0.00279303
-0.00270253
-0.00266149
-0.00259897
-0.00250164
-0.00241659
-0.00231965
-0.00222611
-0.00209878
-0.00197416
-0.0018223
-0.0016507
-0.00146857
-0.00126821
-0.00107697
-0.000883371
-0.000711313
-0.000521862
-0.000347687
-0.000192372
-0.0000334357
0.000116271
0.000248877
0.000385943
0.000508377
0.00063701
0.000774954
0.000893708
0.00103481
0.0011605
0.00131602
0.00145729
0.0016267
0.00181593
0.00202036
0.00225852
0.00252586
0.00279015
0.00306624
0.00330994
0.00354159
0.00375281
0.00390939
0.00403833
0.00415209
0.00424319
0.00432871
0.00440535
0.0044574
0.00451324
0.00457241
0.00462473
0.00466304
0.00469865
0.00474292
0.0047811
0.00480546
0.0048463
0.0048691
0.0049008
0.00492476
0.00494884
0.00497295
0.00500982
0.00503041
0.00505139
0.00507745
0.00510269
0.00511698
0.00513917
0.00516643
0.005188
0.00520604
0.00523101
0.0052443
0.00526591
0.00529189
0.0053073
0.00532946
0.00534691
0.00536789
0.0053884
0.00540151
0.00542072
0.00543255
0.00545466
0.00547175
0.00548884
0.0055034
0.00552039
0.00552971
0.00554335
0.005558
0.00556967
0.00558377
0.00559466
0.00560236
0.00561306
0.00562595
0.00562733
MomentY Data
-0.0000361032
0.0000336268
0.0000282477
-0.0000488807
-0.0000383965
-0.0000238554
-0.0000748587
-0.0000365133
0.000128027
0.0000291378
0.0000237274
0.0000566623
0.0000041639
0.000082484
0.0000757017
-0.0000369271
0.000105654
-0.000000415252
0.000191153
-0.0000285191
-0.00004553
-0.0000101676
-0.000147904
0.0000537383
0.0000321464
0.0000268905
0.0000075054
0.0000550606
0.00015685
0.0000513696
0.0000153083
0.000091234
-0.000146145
0.0000166085
-0.000173728
0.0000654768
0.000107653
-0.0000937178
-0.000065294
0.0000669333
-0.0000822258
-0.0000564943
0.000109758
0.0000531333
0.0000514616
0.000000824251
0.0000699897
-0.000043577
0.0000729505
-0.0000544787
0.000105442
0.0000380883
-0.000179543
-0.0000490904
-0.0000689867
0.0000130739
-0.000159345
-0.0000195944
-0.0000537909
0.0000614033
0.0000444071
0.000128084
0.0001431
-0.0000407412
0.00000305682
0.0000629849
0.000229107
0.0000490102
0.000115838
0.000111281
0.000277457
0.000101715
-0.0000329089
0.0000894208
0.000097049
0.0002124
0.000130462
0.0000168734
0.00000967176
-0.0000152396
-0.000031651
0.000032893
-0.0000118466
0.0000597666
-0.00000679296
-0.0000478178
0.0000613813
-0.00000466154
0.0000620543
0.0000223591
-0.0000377216
0.0000228281
-0.0000179999
0.000103381
0.00000699416
-0.0000416166
-0.0000118705
0.000082598
0.00010588
-0.0000512494
0.000112201
-0.000088541
0.000217339
-0.0000516135
0.0000609252
-0.0000269909
0.00000717438
0.0001001
0.00018335
0.000089943
0.000021721
0.0000705322
0.0000567138
0.0000935825
0.000121116
-0.0000756384
0.0000419796
0.0000568665
-0.0000444947
-0.0000215272
0.0000350465
-0.000125248
-0.000132076
0.0000171915
0.0000496741
0.000111421
0.000247444
0.0000749918
0.000187988
0.000131426
0.0000843524
0.0000877473
-0.000136109
0.000136647
-0.0000526489
-0.0000806479
-0.000131659
0.00000848743
-0.0000577816
-0.0000420377
0.0000477358
0.0000584278
-0.0000726647
0.000067233
-0.000165839
0.0000453285
-0.000013384
0.0000461193
-0.00000119131
0.0000411079
0.0000251508
-0.0000447025
-0.00000494475
0.0000179988
0.00000504847
-0.000121413
-0.0000211447
0.0000697157
-0.00000646378
0.0000689617
0.0000893582
-0.0000321769
0.00000761758
0.0000621463
0.0000414629
0.0000610521
0.000208107
0.00000925431
0.0000269107
0.00000912374
0.0000298439
0.000129511
0.0000301915
0.0000694067
0.0000815774
0.000120833
0.0000192273
0.0000584444
-0.0000690787
-0.0000834763
-0.0000278736
0.000118645
0.0000325786
-0.0000424442
0.0000266128
-0.0000148479
0.000132811
-0.0000422014
-0.000000246059
0.0000406224
0.0000263296
0.0000295221
0.0000707823
0.0001267
-0.0000817035
-0.0000151715
0.0001006
0.0000635623
-0.0000465654
0.00000140354
0.0000649839
0.0000119944
-0.000212384
-0.0000087037
0.0000734746
0.000129559
0.000122838
0.0000275599
0.0000244428
-0.0000760982
0.000074065
0.00000361956
-0.000150729
0.0000904396
-0.0000411311
0.0000578871
-0.00000822372
-0.0000740146
0.0000916258
0.0000203657
0.000084586
0.0000934832
-0.0000195649
-0.0000592381
0.0000322108
0.000194318
0.000206355
-0.0000583498
0.000149627
0.000006299
0.00000625487
-0.0000194564
0.0000480668
0.0000521255
0.0000216291
0.0000932367
0.000122873
0.000000175076
0.000211166
0.000050943
0.00003985
0.0000556325
-0.0000163209
-0.0000420359
0.0000604654
-0.0000248484
-0.000049175
0.0000994728
0.0000326374
0.0000860903
-0.0000241478
0.0000016794
0.000106075
0.0000446646
0.0000352819
-0.0000900821
0.000145014
0.0000341031
0.000071665
0.0000334006
-0.0000171338
0.0000857409
0.0000168219
0.0000412642
0.0000602172
-0.0000313365
0.000121758
-0.0000186215
0.0000602558
0.00000474871
0.0000623431
0.0000849722
-0.0000149656
-0.000147314
-0.00001151
-0.0000882467
0.000154388
-0.0000319544
0.0000797531
-0.0000235409
0.0000403797
-0.0000417748
-0.0000185995
0.000203434
0.0000319165
0.0000594816
0.0000371209
0.000191411
-0.000000315946
-0.0000571747
0.0000831258
0.0000408008
-0.0000124645
0.0000782874
-0.00000823108
-0.0000479005
-0.0000441103
-0.0000417858
0.000133368
-0.00000709824
0.000065451
0.000039874
-0.000166913
-0.000000624897
0.0000952265
0.000126744
-0.0000767124
-0.000243015
-0.0000713002
-0.0000598872
0.0000139953
0.0000975897
0.0000537199
-0.0000472164
0.0000560536
0.0000362474
0.000000331389
0.000245147
0.000208619
0.0000497844
0.0000666225
0.0000159355
0.0000829051
-0.00011976
-0.0000530443
0.0000449129
0.0000646179
0.0000689672
0.000168333
0.0000481054
0.0000582237
-0.0000232632
-0.0000905492
-0.0000444358
0.00000486825
0.00000739138
-0.0000578606
-0.0000890853
-0.00000244368
0.000128881
0.0000212925
0.0000756134
-0.0000127091
0.0000944523
0.000106165
0.0000641711
0.0000414132
0.0000535636
0.000156764
0.0000612875
-0.00000384869
-0.0000959136
0.0000264951
-0.000140692
0.0000544316
0.0000585841
-0.0000151697
0.0000946859
0.000100639
0.000146325
-0.00000320688
-0.000141096
-0.0000666622
0.0000217743
-0.0000620812
0.0000752217
0.000170582
0.000131531
0.0000233412
0.0000872342
0.000109056
0.000109361
-0.0000150888
0.000115397
0.0000899247
-0.0000396066
-0.0000119532
0.0000471969
-0.0000104361
0.000139839
-0.0000636719
-0.0000568032
-0.0000525716
0.000156061
-0.0000598928
-0.0000132185
0.000165597
-0.000116273
-0.00000727663
-0.0000459052
0.000254394
-0.0000693527
0.00000780332
0.0000994195
0.0000245954
0.0000217265
-0.0000650898
0.000155887
-0.00014135
0.0000808418
Field Data
19811.5
19684.3
19502.9
19292.8
19076.6
18864.5
18654.1
18448.5
18246.8
18043.7
17843.8
17645.1
17445.2
17247.9
17048.4
16850.4
16654
16455.4
16258
16061.9
15864.2
15668.6
15472.9
15276.4
15081.8
14885.1
14689.7
14495.9
14299.2
14104.5
13910.6
13714.9
13520.5
13326.4
13131.1
12938
12742.3
12548.1
12355
12159.5
11965
11771.7
11576.2
11381.6
11188.2
10992.5
10799.3
10603.6
10409
10215.6
10020.4
9825.36
9632.2
9436.69
9242.89
9047.51
8852.87
8659.57
8463.46
8269.38
8075.49
7880.12
7684.74
7491.16
7295.13
7100.15
6905.86
6710.11
6516.34
6319.94
6125.23
5931.46
5734.96
5540
5346.24
5149.82
4955.33
4760.8
4565.1
4371.62
4175.16
3980.51
3786.2
3589.69
3394.78
3200.36
3004.2
2809.56
2614.55
2419.25
2225
2029.02
1834.03
1639.96
1443.76
1248.29
1054.19
857.73
662.827
468.923
272.679
78.9463
-117.338
-312.524
-506.284
-702.795
-898.595
-1092.18
-1288.11
-1481.43
-1677.68
-1872.55
-2066.77
-2263.17
-2458.9
-2652.77
-2848.87
-3043.77
-3237.76
-3433.46
-3627.46
-3822.86
-4018.11
-4212.08
-4408.11
-4603.39
-4797.14
-4993.15
-5188.12
-5382.04
-5577.99
-5772.01
-5967.1
-6162.29
-6355.72
-6551.45
-6745.7
-6939.33
-7134.91
-7329.25
-7522.73
-7718.69
-7912.4
-8106.65
-8301.83
-8495.04
-8690.78
-8884.65
-9077.97
-9273.55
-9467.92
-9660.84
-9856.49
-10050.5
-10244.2
-10438.7
-10631.8
-10827.1
-11020.9
-11213.8
-11409.2
-11602.8
-11795.9
-11991
-12184.7
-12377.7
-12572.4
-12765.3
-12959.7
-13153.7
-13345.9
-13540.8
-13734.5
-13926.9
-14121.5
-14314
-14508.7
-14702.2
-14894.3
-15089
-15281.9
-15474
-15667.9
-15860.9
-16052.4
-16246.5
-16438.2
-16631.5
-16823.8
-17014.9
-17208
-17399.9
-17590.6
-17782.4
-17973.5
-18163
-18354.3
-18543.1
-18731.2
-18918.8
-19013.5
-18876.7
-18685.6
-18484.2
-18279.3
-18076.9
-17877.3
-17676.1
-17477.4
-17278.3
-17079.6
-16882.4
-16683.7
-16485.8
-16290
-16091.2
-15894.6
-15699.3
-15501.7
-15306
-15110.3
-14913.8
-14719.7
-14522.5
-14327.5
-14133.2
-13937
-13742.3
-13548.9
-13353.1
-13158.9
-12964.9
-12769.7
-12576.2
-12381.2
-12186.8
-11993.4
-11798.1
-11603.8
-11410.7
-11215.3
-11020.9
-10827.7
-10632.3
-10439.4
-10243.9
-10049.4
-9856.48
-9660.61
-9466.36
-9272.82
-9077.44
-8884.11
-8688.66
-8493.82
-8301.05
-8105.37
-7910.59
-7717.1
-7521.58
-7326.7
-7133.16
-6937.62
-6743.67
-6548.26
-6353.65
-6160.07
-5964.1
-5769.4
-5575.37
-5379.6
-5184.61
-4991.24
-4794.73
-4600.23
-4405.28
-4209.67
-4015.51
-3819.82
-3624.66
-3430.94
-3234.97
-3040.19
-2846.48
-2650.06
-2456.03
-2259.87
-2063.98
-1870.02
-1674.07
-1478.93
-1285.67
-1089.68
-894.828
-700.303
-503.879
-309.779
-114.578
81.1434
275.049
471.363
666.049
860.411
1056.36
1251.91
1446.21
1642.52
1837.17
2031.95
2227.66
2421.73
2617.52
2812.81
3006.36
3203.06
3398.22
3592.34
3788.68
3983.04
4178.49
4373.99
4567.37
4763.6
4958.09
5152.09
5348.47
5543.24
5737.3
5933.55
6127.68
6322.91
6518.58
6711.98
6907.93
7102.7
7296.55
7492.42
7687.4
7881.08
8077.11
8271.08
8465.05
8660.25
8853.63
9049.27
9243.67
9436.82
9632.53
9826.88
10020.3
10215.8
10408.7
10604.1
10798.5
10991.7
11186.9
11381.1
11574.6
11769.5
11963.7
12157
12351.3
12544.6
12738.6
12933
13125.4
13320.3
13513.7
13706.2
13900.9
14094.4
14286.8
14481.2
14673.9
14866.9
15061
15252.6
15446.8
15639.3
15830.8
16024.7
16217.4
16409.3
16602.8
16795.4
16986.6
17179.9
17370.5
17563.4
17754.8
17944.7
18136.6
18327.3
18515.8
18705.6
18892.9
19077.8
19261.9
19441.2
19619.3
Time Data
0
4
8
12
16
20
24
28
32
36
40
44
48
52
56
60
64
68
72
76
80
84
88
92
96
100
104
108
112
116
120
124
128
132
136
140
144
148
152
156
160
164
168
172
176
180
184
188
192
196
200
204
208
212
216
220
224
228
232
236
240
244
248
252
256
260
264
268
272
276
280
284
288
292
296
300
304
308
312
316
320
324
328
332
336
340
344
348
352
356
360
364
368
372
376
380
384
388
392
396
400
404
408
412
416
420
424
428
432
436
440
444
448
452
456
460
464
468
472
476
480
484
488
492
496
500
504
508
512
516
520
524
528
532
536
540
544
548
552
556
560
564
568
572
576
580
584
588
592
596
600
604
608
612
616
620
624
628
632
636
640
644
648
652
656
660
664
668
672
676
680
684
688
692
696
700
704
708
712
716
720
724
728
732
736
740
744
748
752
756
760
764
768
772
776
780
784
788
792
796
800
804
808
812
816
820
824
828
832
836
840
844
848
852
856
860
864
868
872
876
880
884
888
892
896
900
904
908
912
916
920
924
928
932
936
940
944
948
952
956
960
964
968
972
976
980
984
988
992
996
1000
1004
1008
1012
1016
1020
1024
1028
1032
1036
1040
1044
1048
1052
1056
1060
1064
1068
1072
1076
1080
1084
1088
1092
1096
1100
1104
1108
1112
1116
1120
1124
1128
1132
1136
1140
1144
1148
1152
1156
1160
1164
1168
1172
1176
1180
1184
1188
1192
1196
1200
1204
1208
1212
1216
1220
1224
1228
1232
1236
1240
1244
1248
1252
1256
1260
1264
1268
1272
1276
1280
1284
1288
1292
1296
1300
1304
1308
1312
1316
1320
1324
1328
1332
1336
1340
1344
1348
1352
1356
1360
1364
1368
1372
1376
1380
1384
1388
1392
1396
1400
1404
1408
1412
1416
1420
1424
1428
1432
1436
1440
1444
1448
1452
1456
1460
1464
1468
1472
1476
1480
1484
1488
1492
1496
1500
1504
1508
1512
1516
1520
1524
1528
1532
1536
1540
1544
1548
1552
1556
1560
1564
1568
1572
1576
1580
1584
1588
1592
1596
Temperature Data
0
0
0
0
0
0
0
0
0
0
0
0
0
0
0
0
0
0
0
0
0
0
0
0
0
0
0
0
0
0
0
0
0
0
0
0
0
0
0
0
0
0
0
0
0
0
0
0
0
0
0
0
0
0
0
0
0
0
0
0
0
0
0
0
0
0
0
0
0
0
0
0
0
0
0
0
0
0
0
0
0
0
0
0
0
0
0
0
0
0
0
0
0
0
0
0
0
0
0
0
0
0
0
0
0
0
0
0
0
0
0
0
0
0
0
0
0
0
0
0
0
0
0
0
0
0
0
0
0
0
0
0
0
0
0
0
0
0
0
0
0
0
0
0
0
0
0
0
0
0
0
0
0
0
0
0
0
0
0
0
0
0
0
0
0
0
0
0
0
0
0
0
0
0
0
0
0
0
0
0
0
0
0
0
0
0
0
0
0
0
0
0
0
0
0
0
0
0
0
0
0
0
0
0
0
0
0
0
0
0
0
0
0
0
0
0
0
0
0
0
0
0
0
0
0
0
0
0
0
0
0
0
0
0
0
0
0
0
0
0
0
0
0
0
0
0
0
0
0
0
0
0
0
0
0
0
0
0
0
0
0
0
0
0
0
0
0
0
0
0
0
0
0
0
0
0
0
0
0
0
0
0
0
0
0
0
0
0
0
0
0
0
0
0
0
0
0
0
0
0
0
0
0
0
0
0
0
0
0
0
0
0
0
0
0
0
0
0
0
0
0
0
0
0
0
0
0
0
0
0
0
0
0
0
0
0
0
0
0
0
0
0
0
0
0
0
0
0
0
0
0
0
0
0
0
0
0
0
0
0
0
0
0
0
0
0
0
0
0
0
0
0
0
0
0
0
0
0
0
0
0
0
0
0
0
0
0
0
0
0
0
0
0
0
0
0
0
0
0
0
Angle Data
0
0
0
0
0
0
0
0
0
0
0
0
0
0
0
0
0
0
0
0
0
0
0
0
0
0
0
0
0
0
0
0
0
0
0
0
0
0
0
0
0
0
0
0
0
0
0
0
0
0
0
0
0
0
0
0
0
0
0
0
0
0
0
0
0
0
0
0
0
0
0
0
0
0
0
0
0
0
0
0
0
0
0
0
0
0
0
0
0
0
0
0
0
0
0
0
0
0
0
0
0
0
0
0
0
0
0
0
0
0
0
0
0
0
0
0
0
0
0
0
0
0
0
0
0
0
0
0
0
0
0
0
0
0
0
0
0
0
0
0
0
0
0
0
0
0
0
0
0
0
0
0
0
0
0
0
0
0
0
0
0
0
0
0
0
0
0
0
0
0
0
0
0
0
0
0
0
0
0
0
0
0
0
0
0
0
0
0
0
0
0
0
0
0
0
0
0
0
0
0
0
0
0
0
0
0
0
0
0
0
0
0
0
0
0
0
0
0
0
0
0
0
0
0
0
0
0
0
0
0
0
0
0
0
0
0
0
0
0
0
0
0
0
0
0
0
0
0
0
0
0
0
0
0
0
0
0
0
0
0
0
0
0
0
0
0
0
0
0
0
0
0
0
0
0
0
0
0
0
0
0
0
0
0
0
0
0
0
0
0
0
0
0
0
0
0
0
0
0
0
0
0
0
0
0
0
0
0
0
0
0
0
0
0
0
0
0
0
0
0
0
0
0
0
0
0
0
0
0
0
0
0
0
0
0
0
0
0
0
0
0
0
0
0
0
0
0
0
0
0
0
0
0
0
0
0
0
0
0
0
0
0
0
0
0
0
0
0
0
0
0
0
0
0
0
0
0
0
0
0
0
0
0
0
0
0
0
0
0
0
0
0
0
0
0
0
0
0
0
0
Bx Data
0
0
0
0
0
0
0
0
0
0
0
0
0
0
0
0
0
0
0
0
0
0
0
0
0
0
0
0
0
0
0
0
0
0
0
0
0
0
0
0
0
0
0
0
0
0
0
0
0
0
0
0
0
0
0
0
0
0
0
0
0
0
0
0
0
0
0
0
0
0
0
0
0
0
0
0
0
0
0
0
0
0
0
0
0
0
0
0
0
0
0
0
0
0
0
0
0
0
0
0
0
0
0
0
0
0
0
0
0
0
0
0
0
0
0
0
0
0
0
0
0
0
0
0
0
0
0
0
0
0
0
0
0
0
0
0
0
0
0
0
0
0
0
0
0
0
0
0
0
0
0
0
0
0
0
0
0
0
0
0
0
0
0
0
0
0
0
0
0
0
0
0
0
0
0
0
0
0
0
0
0
0
0
0
0
0
0
0
0
0
0
0
0
0
0
0
0
0
0
0
0
0
0
0
0
0
0
0
0
0
0
0
0
0
0
0
0
0
0
0
0
0
0
0
0
0
0
0
0
0
0
0
0
0
0
0
0
0
0
0
0
0
0
0
0
0
0
0
0
0
0
0
0
0
0
0
0
0
0
0
0
0
0
0
0
0
0
0
0
0
0
0
0
0
0
0
0
0
0
0
0
0
0
0
0
0
0
0
0
0
0
0
0
0
0
0
0
0
0
0
0
0
0
0
0
0
0
0
0
0
0
0
0
0
0
0
0
0
0
0
0
0
0
0
0
0
0
0
0
0
0
0
0
0
0
0
0
0
0
0
0
0
0
0
0
0
0
0
0
0
0
0
0
0
0
0
0
0
0
0
0
0
0
0
0
0
0
0
0
0
0
0
0
0
0
0
0
0
0
0
0
0
0
0
0
0
0
0
0
0
0
0
0
0
0
0
0
0
0
0
Hint Data
0
0
0
0
0
0
0
0
0
0
0
0
0
0
0
0
0
0
0
0
0
0
0
0
0
0
0
0
0
0
0
0
0
0
0
0
0
0
0
0
0
0
0
0
0
0
0
0
0
0
0
0
0
0
0
0
0
0
0
0
0
0
0
0
0
0
0
0
0
0
0
0
0
0
0
0
0
0
0
0
0
0
0
0
0
0
0
0
0
0
0
0
0
0
0
0
0
0
0
0
0
0
0
0
0
0
0
0
0
0
0
0
0
0
0
0
0
0
0
0
0
0
0
0
0
0
0
0
0
0
0
0
0
0
0
0
0
0
0
0
0
0
0
0
0
0
0
0
0
0
0
0
0
0
0
0
0
0
0
0
0
0
0
0
0
0
0
0
0
0
0
0
0
0
0
0
0
0
0
0
0
0
0
0
0
0
0
0
0
0
0
0
0
0
0
0
0
0
0
0
0
0
0
0
0
0
0
0
0
0
0
0
0
0
0
0
0
0
0
0
0
0
0
0
0
0
0
0
0
0
0
0
0
0
0
0
0
0
0
0
0
0
0
0
0
0
0
0
0
0
0
0
0
0
0
0
0
0
0
0
0
0
0
0
0
0
0
0
0
0
0
0
0
0
0
0
0
0
0
0
0
0
0
0
0
0
0
0
0
0
0
0
0
0
0
0
0
0
0
0
0
0
0
0
0
0
0
0
0
0
0
0
0
0
0
0
0
0
0
0
0
0
0
0
0
0
0
0
0
0
0
0
0
0
0
0
0
0
0
0
0
0
0
0
0
0
0
0
0
0
0
0
0
0
0
0
0
0
0
0
0
0
0
0
0
0
0
0
0
0
0
0
0
0
0
0
0
0
0
0
0
0
0
0
0
0
0
0
0
0
0
0
0
0
0
0
0
0
0
0
Torque Data
-0.7152585468
0.66192001924
0.55091206833
-0.94304556896
-0.7324746719
-0.4500201933
-1.39642167567
-0.67361561505
2.3360830636
0.52575372186
0.42338698012
0.99981194973
0.07264006828
1.4226757836
1.29059286228
-0.62223640584
1.759561716
-0.0068331377608
3.107765474
-0.45807093229
-0.722297026
-0.15931205736
-2.2885038016
0.82092776612
0.48482557552
0.40026778155
0.11025207438
0.79815295154
2.24282952
0.7245425232
0.21294763798
1.2512651866
-1.9759534725
0.2213315144
-2.2812397408
0.8471388384
1.3717468219
-1.17598032618
-0.80670737
0.81387546135
-0.983831697
-0.66503395131
1.2705805596
0.60474196728
0.57576267312
0.0090605791175
0.75583976721
-0.4620730772
0.7593417545
-0.55653260772
1.0565710168
0.374231259288
-1.7293940846
-0.463250886776
-0.637636479563
0.118286240989
-1.41066057015
-0.169679078408
-0.455257130514
0.507767220954
0.358609091979
1.00931729008
1.099686294
-0.305198847792
0.0222998992866
0.447202237735
1.58218086702
0.328863833122
0.75483979292
0.70328924314
1.69948794011
0.6033184539
-0.188731225144
0.495391232
0.51884724576
1.093821768
0.64648226246
0.08033088272
0.044152551576
-0.066621740152
-0.13214798916
0.13093091543
-0.04485359692
0.214543566354
-0.0230606047488
-0.153034174408
0.18440170146
-0.0130968763224
0.162244070065
0.054092252675
-0.08393056
0.046318671462
-0.033012356597
0.16954070476
0.0100978884416
-0.051949585614
-0.012513762395
0.07084678254
0.07018012276
-0.0240320223962
0.030594856479
-0.0069899843483
-0.025502123582
0.016130457474
-0.0308454539568
0.0189690695655
-0.0064468619961
-0.109327218
-0.2361749685
-0.13324425849
-0.03644088728
-0.13207507111
-0.117214380426
-0.211793106525
-0.2978121324
0.200651278368
-0.119594423052
-0.173088546705
0.144063159872
0.073912780112
-0.12712977689
0.47880556928
0.53069589636
-0.07241197332
-0.218968896951
-0.51291431719
-1.18702351016
-0.37444530617
-0.97530430256
-0.70733998904
-0.470516843676
-0.506478293073
0.8121760139
-0.84205844163
0.334621666708
0.528360684455
0.8881321163
-0.0588970776219
0.412266515656
0.308104812725
-0.359103534734
-0.450986075582
0.57495217228
-0.54503439945
1.37676718537
-0.38506742064
0.11631739952
-0.409753838745
0.0108146764407
-0.381216166045
-0.238125762336
0.4318637001
0.0487378789275
-0.1808969394
-0.051717536374
1.2673938831
0.22480622146
-0.75481885547
0.071236673002
-0.77332271146
-1.01950557544
0.37334213532
-0.089856211922
-0.7451962833
-0.50521299763
-0.75568457817
-2.6164044468
-0.118134043443
-0.34875459879
-0.120010938838
-0.39829370501
-1.7536825488
-0.41466515675
-0.96662017023
-1.1519952541
-1.729603562
-0.27896312751
-0.85926125768
1.02887888141
1.2595738907
0.42596156784
-1.83591273
-0.51043824694
0.67320321178
-0.42719931072
0.24122640735
-2.1831737802
0.7018725841
0.0041396474042
-0.69118607376
-0.4530797568
-0.51368158779
-1.24510312638
-2.25303008
1.46849785725
0.2755599545
-1.84644258
-1.17864208513
0.87222582048
-0.026553292552
-1.23557138265
-0.22641469048
3.9685224704
0.16088093154
-1.34306425578
-2.3420250871
-2.1960117774
-0.48715154839
-0.42719659272
1.31484752906
-1.265000574
-0.061106859744
2.5147174173
-1.49096915768
0.670025619
-0.93147290352
0.130712739912
1.16197740978
-1.42035566386
-0.3117174042
-1.2781198358
-1.39418974816
0.28798945853
0.86028530725
-0.461500237
-2.7463351576
-2.875969635
0.80186045654
-2.0272812603
-0.0841111769
-0.082307208843
0.25225028036
-0.61379861596
-0.6555407131
-0.26779421292
-1.13625701556
-1.4736650382
-0.0020655641556
-2.4503280308
-0.5812952901
-0.446929705
-0.61312021925
0.17671780893
0.44693829957
-0.63122249676
0.25454452476
0.494179245
-0.980451663744
-0.315297192814
-0.814961772308
0.223918202796
-0.015244652736
-0.94238196825
-0.388075523436
-0.299678107858
0.747776016205
-1.17539212518
-0.269775641829
-0.5530459715
-0.251225284948
0.12553421246
-0.611603558244
-0.116703949878
-0.278272147614
-0.394317882072
0.199101153225
-0.75003780306
0.11106048815
-0.34763981252
-0.0264758152727
-0.33538094076
-0.440547717842
0.074696901344
0.70633085522
0.0529486473
0.388751422576
-0.64992253196
0.128313212744
-0.304642486442
0.085327758594
-0.138540327918
0.135140224756
0.056546013905
-0.57907081232
-0.08458063999
-0.146088594048
-0.083888408283
-0.39506847578
0.00059082533892
0.095714450029
-0.122937239394
-0.052456364536
0.01358231636
-0.0700537575672
0.00576425001724
0.0241360560395
0.0136644446237
0.0047877333924
0.0108219329712
-0.00195236381376
0.030851179713
0.026558037826
-0.143613781243
-0.00066011619492
0.119215007615
0.18329844024
-0.126001651248
-0.44645986755
-0.14487844139
-0.133408319952
0.033892837869
0.255442991544
0.151103871919
-0.141949496304
0.179543044016
0.123176639628
0.00119046196026
0.92878353596
0.83093782176
0.208023617556
0.291406148775
0.072783324635
0.39492673436
-0.5937808584
-0.273289007587
0.240215298263
0.358192527996
0.39568551656
0.99881227215
0.294774497472
0.368143214967
-0.151643030256
-0.607764419416
-0.306959395894
0.034577719275
0.053931573739
-0.433515916652
-0.68483433522
-0.0192588375744
1.04098601391
0.1761119709
0.64007121167
-0.110063983275
0.836245716849
0.96071574955
0.593176471937
0.390808914024
0.515952983908
1.54050101632
0.61411913625
-0.039317447302
-0.99833588832
0.28095668991
-1.519262562
0.59829581772
0.65537446829
-0.17264787267
1.09595141814
1.1844707105
1.7505884025
-0.03898604016
-1.7427190248
-0.83625063412
0.27737409798
-0.8028961596
0.98731490118
2.2722034146
1.7774704747
0.31991915544
1.21263389078
1.5370788864
1.5624187348
-0.21850393056
1.6933240383
1.33690152243
-0.5965150026
-0.18231737832
0.72904107492
-0.16321329873
2.2137632412
-1.02032309593
-0.92120021568
-0.86266315588
2.5910495708
-1.00592353312
-0.2245373721
2.8449399003
-2.0197201465
-0.127802363342
-0.81503764496
4.5650240118
-1.25782217882
0.143013786636
1.8408315781
0.46007171424
0.41047659185
-1.24177018644
3.0026798053
-2.74801362
1.58605952674
dMdH Data
4.70125786163523E-08
4.1841234840133E-08
1.88957639219451E-08
5.94357076780757E-08
3.37576614804339E-08
6.03612167300337E-08
6.55642023346338E-08
4.88844819038152E-08
1.0034465780404E-07
6.40320160080007E-08
8.34423754403641E-08
8.33416708354183E-08
4.85048150025365E-08
1.17894736842105E-07
4.90909090909067E-08
1.18024439918534E-07
9.10876132930526E-08
5.36980749746678E-08
8.8832228454873E-08
1.03338391502277E-07
1.06390593047032E-07
7.42462953500231E-08
1.15776081424937E-07
1.1742034943474E-07
8.3680732079306E-08
7.21084953940659E-08
1.5046439628483E-07
1.18098627351297E-07
1.37955829481253E-07
1.00257864878803E-07
7.70567194685729E-08
1.10751028806583E-07
1.79185986604842E-07
3.83512544802901E-08
1.25686172967373E-07
1.44762391415431E-07
1.57672502574668E-07
3.60435007767966E-08
1.89565217391305E-07
1.41028277634962E-07
4.22659079151582E-08
1.52276214833756E-07
1.25385405960949E-07
1.6266804550155E-07
1.18957588145118E-07
1.73757763975155E-07
1.06387327542159E-07
1.28365878725591E-07
1.38107549120994E-07
1.22387295081964E-07
1.62479491386383E-07
1.76641126527233E-07
1.13242289396959E-07
2.04437564499486E-07
9.89354079230206E-08
1.7524660912454E-07
1.31867563372992E-07
1.29060221304368E-07
2.15426628194562E-07
1.8097890556501E-07
6.71546296770239E-08
1.93469137066231E-07
1.57247649550572E-07
1.44722746518389E-07
1.70786747358703E-07
1.54614236450668E-07
1.63167305236272E-07
2.1742271765495E-07
1.33553971486763E-07
1.52894047557907E-07
1.81142591732465E-07
1.70330788804071E-07
2.13582273286828E-07
2.03395953757226E-07
1.30282048671214E-07
2.07568512519925E-07
1.9806713617437E-07
2.08380173735308E-07
1.33295431052307E-07
2.6361600325766E-07
1.56177754944772E-07
2.29169883176368E-07
1.75665360541449E-07
2.53245087476271E-07
2.6792511058533E-07
2.27875203915171E-07
9.46362515413066E-08
3.92800369211836E-07
7.9160266257041E-08
1.43526383526384E-07
4.29380549035615E-07
1.02620647212678E-07
2.98912763435873E-07
2.32823649337412E-07
3.60055251445235E-07
1.03400309119011E-07
2.98177746106077E-07
3.05793138125118E-07
1.78593530819374E-07
4.16012718860194E-07
2.85238372252078E-07
3.73386969818777E-07
4.0479337657414E-07
2.75185796862099E-07
3.95601264051375E-07
3.817671092952E-07
2.72076865459617E-07
4.65421323942225E-07
4.66583902338091E-07
4.74700636942676E-07
5.15266587981731E-07
6.22181031819587E-07
7.48217922606925E-07
9.01599141674756E-07
8.03373394542735E-07
9.76083630800613E-07
1.0269009748589E-06
9.28635496675085E-07
1.05190597853858E-06
8.72860824742268E-07
9.37988741044012E-07
8.40413828425096E-07
7.82415837500645E-07
8.01800744783963E-07
7.74411102007371E-07
6.89976774193548E-07
6.90770879036786E-07
6.36118377186233E-07
7.16377887788779E-07
6.51798928298036E-07
6.2565714874755E-07
7.49090163514275E-07
6.81643526820023E-07
7.06560512847024E-07
8.07489909569307E-07
8.24041184041184E-07
1.04188400557765E-06
1.1284896206156E-06
1.28095091077493E-06
1.31848253049411E-06
1.40554194733619E-06
1.37158639202932E-06
1.29580437580438E-06
1.18803156061072E-06
9.3043838310646E-07
7.91100439358332E-07
6.83653994945072E-07
5.0600041382164E-07
5.20349729011147E-07
4.10711529557031E-07
3.46257516068835E-07
3.15359059545109E-07
2.83954435338383E-07
3.00877645844087E-07
2.24832904884317E-07
2.2092180217504E-07
1.84024577572963E-07
1.77141382868937E-07
2.13685847589428E-07
1.67297850562947E-07
1.68698347107437E-07
1.20818228896946E-07
1.703741670938E-07
1.76819824470828E-07
1.28652849740933E-07
7.80688238315358E-08
1.71176775531363E-07
9.63991769547349E-08
8.53608247422663E-08
1.07908428720084E-07
1.6726526423807E-07
1.35312338668045E-07
1.29417879417877E-07
8.2990750256939E-08
1.07324675324673E-07
1.25475089881868E-07
9.84496124031033E-08
9.09422175950005E-08
1.07447354904985E-07
1.44582685329187E-07
5.35137948984885E-08
1.03249097472924E-07
1.5440414507772E-07
7.72323759791111E-08
7.49613601236491E-08
1.1340636411059E-07
7.75995861355422E-08
9.04316172646906E-08
5.43694400837245E-08
1.16778871051268E-07
8.39499739447609E-08
7.62454116413246E-08
8.0552659019812E-08
9.12611198325472E-08
6.52770448548827E-08
8.14950339780464E-08
5.07415254237263E-08
5.62998405103684E-08
8.52878464818744E-08
1.0084477296727E-07
7.58040935672519E-08
6.22710622710639E-08
5.43197616683227E-08
5.31478770131744E-08
6.66996047430862E-08
8.06613226452887E-08
7.46520874751495E-08
6.73376950176128E-08
8.12656956303366E-08
1.12028183190742E-07
4.42190669371172E-08
8.24358329139396E-08
9.73218797372409E-08
9.84167517875389E-08
9.54728370221333E-08
8.35198372329627E-08
8.98105478750631E-08
1.15232793522268E-07
8.57434849259072E-08
1.19059785385792E-07
9.07379134860047E-08
1.19835136527563E-07
9.53346855983781E-08
4.471794871795E-08
1.47195059186826E-07
1.4714576962283E-07
1.4129429892142E-07
7.50258531540834E-08
1.476506639428E-07
8.12564366632333E-08
2.00154639175258E-07
4.54405737704932E-08
8.89405684754484E-08
9.34410256410258E-07
-6.39557613168718E-07
1.64270941054807E-07
7.79313876088063E-08
-1.80905815748838E-07
4.20818228896946E-07
1.51330603889459E-07
1.43621399176954E-07
1.03053830227742E-07
1.95189355168882E-07
8.13374805598783E-08
1.06854219948849E-07
2.37377892030848E-07
1.31038772548206E-07
1.45555725736458E-07
1.22728442728442E-07
1.20078536736595E-07
2.05036339441089E-07
1.1782961775203E-07
1.32617037605523E-07
1.32518989940465E-07
1.69372827722158E-07
1.61028209321338E-07
1.74299209364414E-07
5.73156235464369E-08
2.82017184942714E-07
1.56147372742203E-07
1.04836209569082E-07
1.88554771402269E-07
2.04382572828047E-07
1.27014994114938E-07
1.60012332357025E-07
1.99245789854323E-07
1.23794458335459E-07
1.56599897277864E-07
2.42591351852805E-07
1.98293916330389E-07
9.97487050617969E-08
1.50281843098723E-07
2.14340237138057E-07
2.57326478149102E-07
9.51526032315979E-08
2.51111906344255E-07
1.08415739596209E-07
2.81516684552101E-07
2.93963927034226E-07
1.710200289077E-07
2.67081696177987E-07
1.79073826881611E-07
8.49207578338748E-08
3.91457081763568E-07
2.58980570014946E-07
1.53599102773247E-07
2.91592220123538E-07
1.64312229325633E-07
3.29573870885431E-07
2.65706672132828E-07
2.85522094587601E-07
9.12291443440995E-08
3.36614456100014E-07
2.69425523711606E-07
2.89068545595244E-07
2.73930963420917E-07
3.25152022786768E-07
2.94500243713768E-07
3.71108415641427E-07
3.90496857075907E-07
4.64851093555779E-07
2.11152385754417E-07
3.19062613230994E-07
4.97724367169522E-07
4.37725167267111E-07
4.9381080943406E-07
4.80554842024146E-07
6.53711880069821E-07
6.3675846916356E-07
7.82501159375482E-07
8.76449256856837E-07
9.32613037021865E-07
1.03518470679411E-06
9.72241992882563E-07
9.92001434720231E-07
8.86348650319388E-07
9.64912906183153E-07
8.96146326404609E-07
7.94653364031722E-07
8.12973401534527E-07
7.74158134243458E-07
6.75768231157314E-07
7.04745745282534E-07
6.31103092783505E-07
6.55020877889805E-07
7.08240488781642E-07
6.11944759352776E-07
7.18991082802547E-07
6.47452737856076E-07
7.96598883368336E-07
7.21980886185925E-07
8.75956566701139E-07
9.65705537126815E-07
1.04959696051754E-06
1.22857879803972E-06
1.3648848726196E-06
1.35547235613909E-06
1.42549566294919E-06
1.24317706473499E-06
1.19425684384183E-06
1.08893127803269E-06
8.02151639344257E-07
6.66770089978285E-07
5.81476180740132E-07
4.68621399176957E-07
4.42764690654934E-07
3.91599816054361E-07
2.67815796243895E-07
2.88698169785956E-07
3.02659846547314E-07
2.71228615863138E-07
1.96059365404302E-07
1.8317901234568E-07
2.29140786749481E-07
1.95594262295081E-07
1.25437693099897E-07
2.11059431524545E-07
1.16983068240127E-07
1.6323377960865E-07
1.2395240558717E-07
1.23932063818838E-07
1.24728401448525E-07
1.90051546391751E-07
1.05915637860083E-07
1.09043659043661E-07
1.33709594663929E-07
1.30506721820062E-07
7.42337662337669E-08
1.13970210580381E-07
1.40878552971573E-07
1.12110187110189E-07
9.27983539094665E-08
1.29579657498704E-07
6.8860103626943E-08
1.11334363730036E-07
1.35594989561582E-07
7.93511843460376E-08
1.15116883116884E-07
9.11227154046976E-08
1.08200103145952E-07
1.06434872859366E-07
6.83168316831695E-08
9.92764857881158E-08
6.14226375908612E-08
1.15638075313808E-07
8.84117951370912E-08
8.96642182581328E-08
7.54795230689485E-08
8.876698014629E-08
4.9078462348605E-08
7.10786868160491E-08
7.68222338751949E-08
6.19098143236079E-08
7.42887249736589E-08
5.81420181526973E-08
4.16441319632205E-08
5.8120586637695E-08
7.18906860011193E-08
7.74845592363628E-09
7.74845592363628E-09
dMdT Data
0
0
0
0
0
0
0
0
0
0
0
0
0
0
0
0
0
0
0
0
0
0
0
0
0
0
0
0
0
0
0
0
0
0
0
0
0
0
0
0
0
0
0
0
0
0
0
0
0
0
0
0
0
0
0
0
0
0
0
0
0
0
0
0
0
0
0
0
0
0
0
0
0
0
0
0
0
0
0
0
0
0
0
0
0
0
0
0
0
0
0
0
0
0
0
0
0
0
0
0
0
0
0
0
0
0
0
0
0
0
0
0
0
0
0
0
0
0
0
0
0
0
0
0
0
0
0
0
0
0
0
0
0
0
0
0
0
0
0
0
0
0
0
0
0
0
0
0
0
0
0
0
0
0
0
0
0
0
0
0
0
0
0
0
0
0
0
0
0
0
0
0
0
0
0
0
0
0
0
0
0
0
0
0
0
0
0
0
0
0
0
0
0
0
0
0
0
0
0
0
0
0
0
0
0
0
0
0
0
0
0
0
0
0
0
0
0
0
0
0
0
0
0
0
0
0
0
0
0
0
0
0
0
0
0
0
0
0
0
0
0
0
0
0
0
0
0
0
0
0
0
0
0
0
0
0
0
0
0
0
0
0
0
0
0
0
0
0
0
0
0
0
0
0
0
0
0
0
0
0
0
0
0
0
0
0
0
0
0
0
0
0
0
0
0
0
0
0
0
0
0
0
0
0
0
0
0
0
0
0
0
0
0
0
0
0
0
0
0
0
0
0
0
0
0
0
0
0
0
0
0
0
0
0
0
0
0
0
0
0
0
0
0
0
0
0
0
0
0
0
0
0
0
0
0
0
0
0
0
0
0
0
0
0
0
0
0
0
0
0
0
0
0
0
0
0
0
0
0
0
0
0
0
0
0
0
0
0
0
0
0
0
0
0
0
0
0
0
0
0
 
*********************************************** Results ***************************************
 
TotalArea 66.546511954258
AreaFirstQuad 25.656510275775
AreaSecondQuad 6.61752497628994
AreaThirdQuad 26.5004915670181
AreaFourthQuad 7.77198513517497
Coercivity 4248.21953969115
PositiveCoercivity 4417.17975480723
NegativeCoercivity -4079.25932457507
Retentivity 2.83196461567018E-03
PositiveRetentivity 2.6983824802646E-03
NegativeRetentivity -2.96554675107576E-03
Magnetization 0.005775855
PositiveMagnetization 0.00565747
NegativeMagnetization -0.00589424
Flatness 0.711040079908749
Squareness 0.490310891750257
SStar 0.14799285307103
SFD1 0.578414488861629
SFD2 2.04052660626626
Slope 0
Intercept 0
SlopeAtHc 7.82415837500645E-07
dH1 1790.98780606871
dH2 8668.605
InitialSlope 4.70125786163523E-08
FieldAtHalfMs 0
FieldAtMs 19811.5
MomentMean -2.58050512499996E-05
MomentRMS 4.4365410164665E-03
SFD3 0.17180863643599
dH3 3518.33873329608
UserField1 0
UserField2 0
CenterField 0
ExchangeField 0
ExchangeMoment 0
ExRegionOneIntercept 0
ExRegionOneSlope 0
ExRegionTwoIntercept 0
ExRegionTwoSlope 0
NegativeIntercept 0
NegativeSlope 0
AutoCenterOffset 0
PinningField 0
PinningMoment 0
PinRegionOneIntercept 0
PinRegionOneSlope 0
PinRegionTwoIntercept 0
PinRegionTwoSlope 0
PositiveIntercept 0
PositiveSlope 0
TotalOffset 0
BHMax 0
BCoercivity 0
BRetentivity 0
BNegativeCoercivity 0
BPositiveCoercivity 0
BNegativeRetentivity 0
BPositiveRetentivity 0
MomentYMean 0.000026915739955
MomentYRMS 8.22869686448744E-05
YOffCorrection 0
Mrt 0
Ms1 0
Ms2 0
Ms3 0
Hc2 0
Hex2 0
HsatValue 0
HsatIntercept 0
HsatSlope 0
CenterH 0
Span .01155171
SpanAsPercentOfRange 115.5171
RMSAsPercentOfRange 44.365410164665
SpanAsPercentOfMean -44765.3053973306
RMSAsPercentOfMean -17192.5293752965
