Start Time:  9/3/25 5:45:48 PM            Time Completed:  9/3/25 6:15:53 PM        Elapsed Time:  00:30:04
Sample ID:     LL02_20kG_MF_v2

Experiment:    C:\IDEASVSM\Elin\Experiments\ciclo1T\ciclo1T.exp
Data File:     C:\IDEASVSM\Elin\LL02_20kG_MF_v2.txt
Plot File:     C:\IDEASVSM\Elin\LL02_20kG_MF_v2.oc2
VSM Exp File:  C:\IDEASVSM\Elin\Experiments\ciclo1T\ciclo1T.stp
VSM Data File: C:\IDEASVSM\Elin\LL02_20kG_MF_v2.dat

***DATA***

Field(G)	 Moment(emu)	
 19806.6 	 0.0143831 	
 19679.5 	 0.0143691 	
 19498.3 	 0.0143393 	
 19287.8 	 0.0142995 	
 19071.6 	 0.0142477 	
 18859.4 	 0.0141975 	
 18649 	 0.0141461 	
 18443.4 	 0.0140929 	
 18241.4 	 0.0140409 	
 18038.7 	 0.0139803 	
 17838.5 	 0.0139231 	
 17639.7 	 0.0138681 	
 17439.9 	 0.0138068 	
 17242.8 	 0.0137459 	
 17043.2 	 0.0136895 	
 16845.2 	 0.0136285 	
 16648.8 	 0.0135644 	
 16449.8 	 0.0135033 	
 16252.7 	 0.0134407 	
 16056.8 	 0.0133813 	
 15859.2 	 0.0133128 	
 15662.9 	 0.013253 	
 15467.9 	 0.0131834 	
 15271 	 0.0131159 	
 15076.6 	 0.0130433 	
 14879.8 	 0.0129819 	
 14684.5 	 0.0129111 	
 14490 	 0.0128444 	
 14294.4 	 0.0127795 	
 14099.5 	 0.0127078 	
 13905 	 0.0126354 	
 13709.8 	 0.0125637 	
 13515.5 	 0.0124865 	
 13321.1 	 0.0124198 	
 13126.1 	 0.0123421 	
 12932.5 	 0.0122674 	
 12737.2 	 0.012187 	
 12542.9 	 0.0121286 	
 12349.7 	 0.0120464 	
 12154 	 0.0119673 	
 11960.1 	 0.0118965 	
 11766.5 	 0.0118186 	
 11570.7 	 0.0117399 	
 11376.7 	 0.0116647 	
 11182.4 	 0.0115838 	
 10987.5 	 0.0115062 	
 10793.9 	 0.0114287 	
 10598.6 	 0.0113414 	
 10404 	 0.0112592 	
 10210.2 	 0.0111788 	
 10015.2 	 0.0111044 	
 9820.39 	 0.0110123 	
 9627.16 	 0.0109442 	
 9431.4 	 0.0108607 	
 9236.9 	 0.0107666 	
 9043.07 	 0.0106777 	
 8847.7 	 0.0105954 	
 8654.45 	 0.0105173 	
 8458.4 	 0.0104264 	
 8263.95 	 0.0103387 	
 8070.81 	 0.0102638 	
 7874.57 	 0.0101636 	
 7679.74 	 0.0100731 	
 7485.86 	 0.00998973 	
 7289.97 	 0.00988921 	
 7094.9 	 0.00979873 	
 6900.83 	 0.0097206 	
 6704.71 	 0.00962136 	
 6511.24 	 0.00952102 	
 6314.82 	 0.00943218 	
 6120.01 	 0.00932767 	
 5926.16 	 0.00924612 	
 5729.89 	 0.00914464 	
 5534.74 	 0.00905528 	
 5340.88 	 0.00895188 	
 5144.72 	 0.00884887 	
 4950.37 	 0.00875083 	
 4754.79 	 0.00864787 	
 4560.22 	 0.00855122 	
 4366.02 	 0.00844718 	
 4170.36 	 0.00835709 	
 3975.09 	 0.0082544 	
 3781.08 	 0.00813079 	
 3584.74 	 0.00802107 	
 3389.17 	 0.00790594 	
 3195.22 	 0.00777708 	
 2999.06 	 0.00765536 	
 2804.4 	 0.00752715 	
 2609.06 	 0.00741308 	
 2413.75 	 0.00729843 	
 2220.09 	 0.00717322 	
 2023.78 	 0.00702631 	
 1828.56 	 0.00691074 	
 1634.92 	 0.00678945 	
 1438.57 	 0.00664762 	
 1243.1 	 0.00653458 	
 1048.47 	 0.00639125 	
 852.737 	 0.00624187 	
 658.325 	 0.00608524 	
 462.734 	 0.00596975 	
 267.393 	 0.00580577 	
 73.8029 	 0.00564203 	
-122.548 	 0.00546512 	
-317.86 	 0.00527341 	
-511.541 	 0.00509495 	
-708.078 	 0.00493785 	
-903.61 	 0.00476896 	
-1097.53 	 0.00460588 	
-1293.17 	 0.00445925 	
-1487.17 	 0.00428298 	
-1682.92 	 0.0041014 	
-1877.75 	 0.00396233 	
-2071.86 	 0.00380354 	
-2268.5 	 0.00364006 	
-2464.17 	 0.00346562 	
-2657.92 	 0.00330826 	
-2854.12 	 0.00314094 	
-3049.1 	 0.00296723 	
-3242.85 	 0.00279729 	
-3438.7 	 0.00262459 	
-3632.59 	 0.00243509 	
-3827.97 	 0.00226011 	
-4023.59 	 0.00207261 	
-4216.81 	 0.001893 	
-4413.44 	 0.00170652 	
-4608.5 	 0.00150411 	
-4802.72 	 0.00129611 	
-4998.29 	 0.00108905 	
-5193.35 	 0.000858315 	
-5387 	 0.000619874 	
-5583.1 	 0.00033671 	
-5777.08 	 0.0000780394 	
-5972.55 	-0.000242331 	
-6167.49 	-0.000575968 	
-6360.75 	-0.000959244 	
-6556.58 	-0.00141106 	
-6751.14 	-0.00194786 	
-6944.22 	-0.00256282 	
-7140 	-0.0032904 	
-7334.76 	-0.00408732 	
-7528.11 	-0.00494573 	
-7723.61 	-0.00583315 	
-7917.04 	-0.00671712 	
-8112.61 	-0.00756051 	
-8306.98 	-0.00836546 	
-8500.32 	-0.00906378 	
-8695.82 	-0.00966289 	
-8889.86 	-0.01014 	
-9083.25 	-0.0105419 	
-9278.89 	-0.0108755 	
-9473.06 	-0.0111529 	
-9666.13 	-0.0113905 	
-9861.71 	-0.0116018 	
-10055.8 	-0.0117914 	
-10249.2 	-0.011953 	
-10444 	-0.0121089 	
-10637 	-0.0122424 	
-10832.4 	-0.0123697 	
-11026.2 	-0.0124849 	
-11219 	-0.0125818 	
-11414.4 	-0.0126942 	
-11608.1 	-0.0127894 	
-11801 	-0.012888 	
-11996.3 	-0.012971 	
-12189.8 	-0.0130606 	
-12383.1 	-0.0131485 	
-12577.5 	-0.0132154 	
-12770.3 	-0.0133015 	
-12965.4 	-0.0133805 	
-13158.6 	-0.0134496 	
-13351.6 	-0.0135368 	
-13545.9 	-0.0136038 	
-13739.7 	-0.0136798 	
-13931.9 	-0.0137422 	
-14126.7 	-0.0138232 	
-14319.2 	-0.0138888 	
-14514.1 	-0.013959 	
-14707.4 	-0.0140307 	
-14899.5 	-0.0140986 	
-15093.9 	-0.0141691 	
-15287.3 	-0.0142317 	
-15479.4 	-0.0142979 	
-15673.1 	-0.0143625 	
-15866 	-0.0144348 	
-16057.4 	-0.0144941 	
-16251.4 	-0.0145554 	
-16443.3 	-0.0146174 	
-16636.5 	-0.0146863 	
-16829 	-0.0147413 	
-17019.9 	-0.0148014 	
-17213.2 	-0.0148597 	
-17404.9 	-0.0149211 	
-17595.3 	-0.0149775 	
-17787.4 	-0.0150373 	
-17978.3 	-0.0150935 	
-18167.9 	-0.0151514 	
-18359.1 	-0.0152005 	
-18548.3 	-0.0152481 	
-18735.4 	-0.0152986 	
-18923.2 	-0.0153491 	
-19029.6 	-0.0153742 	
-18900.6 	-0.0153527 	
-18711 	-0.0153037 	
-18509.8 	-0.0152537 	
-18304.8 	-0.0152064 	
-18101.9 	-0.015148 	
-17902.2 	-0.0150906 	
-17701 	-0.0150342 	
-17501.9 	-0.0149738 	
-17303.3 	-0.0149173 	
-17104.3 	-0.0148594 	
-16906.9 	-0.0147892 	
-16708.1 	-0.0147303 	
-16510.7 	-0.014664 	
-16314.2 	-0.0146025 	
-16115.8 	-0.0145393 	
-15919 	-0.0144749 	
-15723.8 	-0.0144167 	
-15525.9 	-0.0143484 	
-15330.5 	-0.0142824 	
-15134.8 	-0.0142124 	
-14938.3 	-0.0141465 	
-14743.6 	-0.0140724 	
-14546.9 	-0.0140099 	
-14351.7 	-0.0139428 	
-14157.1 	-0.0138656 	
-13961.4 	-0.0138011 	
-13766.3 	-0.0137323 	
-13573 	-0.0136597 	
-13377.3 	-0.0135767 	
-13182.8 	-0.0135072 	
-12988.9 	-0.0134357 	
-12794.2 	-0.0133631 	
-12600.2 	-0.0132766 	
-12405.2 	-0.0132288 	
-12210.8 	-0.0131324 	
-12017.7 	-0.0130661 	
-11822.4 	-0.0129799 	
-11627.8 	-0.0129011 	
-11434.9 	-0.0128339 	
-11239.4 	-0.0127412 	
-11045 	-0.0126738 	
-10851.6 	-0.0125842 	
-10656.5 	-0.0125121 	
-10463.5 	-0.0124273 	
-10268 	-0.0123387 	
-10073.6 	-0.0122645 	
-9880.43 	-0.0121951 	
-9684.77 	-0.0120968 	
-9490.34 	-0.0120206 	
-9297.04 	-0.0119357 	
-9101.53 	-0.0118511 	
-8907.45 	-0.0117547 	
-8713.33 	-0.0116751 	
-8518.28 	-0.0115963 	
-8325.04 	-0.0115027 	
-8129.35 	-0.011414 	
-7934.89 	-0.0113171 	
-7741.26 	-0.0112354 	
-7545.4 	-0.0111477 	
-7350.81 	-0.0110557 	
-7157.4 	-0.0109723 	
-6961.74 	-0.0108701 	
-6768.05 	-0.0107775 	
-6572.24 	-0.0106883 	
-6377.61 	-0.0106015 	
-6184.01 	-0.0104987 	
-5988.34 	-0.0103891 	
-5793.42 	-0.0103098 	
-5599.71 	-0.0102146 	
-5403.88 	-0.0101219 	
-5208.86 	-0.0100221 	
-5014.94 	-0.00991475 	
-4819.08 	-0.00982053 	
-4624.16 	-0.00971554 	
-4429.73 	-0.00960878 	
-4233.69 	-0.00952257 	
-4040.02 	-0.00941469 	
-3843.87 	-0.00930356 	
-3648.7 	-0.00918993 	
-3455.37 	-0.0090593 	
-3259.07 	-0.00896077 	
-3064.35 	-0.00882934 	
-2870.65 	-0.00871753 	
-2674.2 	-0.00858948 	
-2479.58 	-0.00847461 	
-2284.87 	-0.00833288 	
-2088.26 	-0.00821881 	
-1894.54 	-0.00808208 	
-1698.1 	-0.00797119 	
-1503.14 	-0.00781322 	
-1309.68 	-0.0076981 	
-1113.71 	-0.00757085 	
-919.19 	-0.00743261 	
-724.643 	-0.00728476 	
-528.241 	-0.00713051 	
-333.269 	-0.00699294 	
-139.161 	-0.00682613 	
 56.8721 	-0.0066407 	
 251.165 	-0.00646976 	
 447.26 	-0.00628387 	
 641.801 	-0.00611938 	
 836.037 	-0.0059607 	
 1032.33 	-0.0057966 	
 1227.57 	-0.00564215 	
 1422.31 	-0.00545402 	
 1618.18 	-0.00529909 	
 1812.77 	-0.00513003 	
 2007.91 	-0.00498643 	
 2203.63 	-0.00480828 	
 2397.28 	-0.00464282 	
 2593.52 	-0.00447636 	
 2788.49 	-0.00431872 	
 2982.52 	-0.00415003 	
 3178.66 	-0.00397816 	
 3374 	-0.00380116 	
 3568.09 	-0.00363107 	
 3764.65 	-0.00345625 	
 3959.06 	-0.00327169 	
 4154.11 	-0.00309315 	
 4349.68 	-0.00288884 	
 4543.42 	-0.00269626 	
 4739.33 	-0.00249312 	
 4934.4 	-0.00228195 	
 5127.64 	-0.00206731 	
 5324.21 	-0.00183662 	
 5519.15 	-0.00159321 	
 5713.16 	-0.00130837 	
 5909.51 	-0.00101545 	
 6103.39 	-0.000699877 	
 6298.89 	-0.000331593 	
 6494.32 	 0.000095143 	
 6687.62 	 0.000591609 	
 6883.68 	 0.00117881 	
 7078.49 	 0.00185314 	
 7272.39 	 0.00261149 	
 7468.39 	 0.00347279 	
 7663.18 	 0.00435796 	
 7856.87 	 0.00524284 	
 8053.02 	 0.00611083 	
 8246.39 	 0.00691436 	
 8441.48 	 0.00765767 	
 8636.2 	 0.00830095 	
 8829.72 	 0.00882323 	
 9025.05 	 0.00926795 	
 9219.43 	 0.00961771 	
 9413.01 	 0.00991163 	
 9608.39 	 0.0101557 	
 9802.87 	 0.0103786 	
 9996.09 	 0.0105722 	
 10191.5 	 0.0107486 	
 10385.6 	 0.0109048 	
 10579.4 	 0.0110427 	
 10774.2 	 0.0111698 	
 10967.5 	 0.0112936 	
 11162.9 	 0.0114047 	
 11357.2 	 0.0115085 	
 11550.1 	 0.0116084 	
 11745.6 	 0.0117042 	
 11939.7 	 0.0117938 	
 12132.7 	 0.0118795 	
 12327.4 	 0.0119695 	
 12521.2 	 0.0120402 	
 12714.4 	 0.0121234 	
 12908.8 	 0.0122106 	
 13101.3 	 0.0122772 	
 13296.3 	 0.012355 	
 13489.8 	 0.0124321 	
 13682.2 	 0.0125054 	
 13877 	 0.0125741 	
 14070.2 	 0.0126525 	
 14263 	 0.0127167 	
 14457.3 	 0.0127884 	
 14649.7 	 0.0128596 	
 14843.1 	 0.012922 	
 15036.9 	 0.0129898 	
 15228.9 	 0.0130576 	
 15422.6 	 0.0131235 	
 15615.4 	 0.0131955 	
 15806.8 	 0.0132566 	
 16000.7 	 0.013322 	
 16193.6 	 0.0133878 	
 16385.2 	 0.0134494 	
 16579.1 	 0.0135064 	
 16771.4 	 0.0135655 	
 16963 	 0.0136354 	
 17155.8 	 0.0136924 	
 17346.8 	 0.0137472 	
 17539.6 	 0.0138041 	
 17731.2 	 0.0138652 	
 17920.9 	 0.0139193 	
 18113 	 0.0139695 	
 18303.5 	 0.0140233 	
 18492.1 	 0.0140775 	
 18682.5 	 0.0141343 	
 18869.1 	 0.0141856 	
 19055 	 0.0142268 	
 19238.9 	 0.0142698 	
 19418.4 	 0.0143083 	
 19596.9 	 0.0143498 	

	
	
